-5.7356880e-13 -1.5566791e-13 -8.3146836e-04 9.2027605e-02 -4.0695892e-02 9.6759220e-04 -9.9968930e-03 -1.7142326e-12 -1.5566791e-13 7.5218719e-13 1.0025292e-12 1.4813432e-01 -1.0515150e-01 -3.9020513e-02 -1.2453176e-02 -2.3516826e-03 -8.3146836e-04 1.0025292e-12 2.0241337e-11 5.2337778e-11 -2.4013338e-02 -3.8019751e-02 -3.2390506e-02 -1.7123599e-02 9.2027605e-02 1.4813432e-01 5.2337778e-11 2.2955456e-11 1.9113039e-12 6.3095019e-02 5.8284752e-02 6.8380880e-02 -4.0695892e-02 -1.0515150e-01 -2.4013338e-02 1.9113039e-12 1.7424608e-12 3.8892007e-12 2.4732820e-02 -2.5081535e-03 9.6759220e-04 -3.9020513e-02 -3.8019751e-02 6.3095019e-02 3.8892007e-12 1.4457434e-12 -5.5021515e-13 -1.1227719e-03 -9.9968930e-03 -1.2453176e-02 -3.2390506e-02 5.8284752e-02 2.4732820e-02 -5.5021515e-13 -6.0054780e-13 -1.4263303e-12 -1.7142326e-12 -2.3516826e-03 -1.7123599e-02 6.8380880e-02 -2.5081535e-03 -1.1227719e-03 -1.4263303e-12 -1.0900333e-12
-5.7356880e-13 -1.5566791e-13 -8.3146836e-04 9.2027605e-02 -4.0695892e-02 9.6759220e-04 -9.9968930e-03 -1.7142326e-12 -1.5566791e-13 7.5218719e-13 1.0025292e-12 1.4813432e-01 -1.0515150e-01 -3.9020513e-02 -1.2453176e-02 -2.3516826e-03 -8.3146836e-04 1.0025292e-12 2.0241337e-11 5.2337778e-11 -2.4013338e-02 -3.8019751e-02 -3.2390506e-02 -1.7123599e-02 9.2027605e-02 1.4813432e-01 5.2337778e-11 2.2955456e-11 1.9113039e-12 6.3095019e-02 5.8284752e-02 6.8380880e-02 -4.0695892e-02 -1.0515150e-01 -2.4013338e-02 1.9113039e-12 1.7424608e-12 3.8892007e-12 2.4732820e-02 -2.5081535e-03 9.6759220e-04 -3.9020513e-02 -3.8019751e-02 6.3095019e-02 3.8892007e-12 1.4457434e-12 -5.5021515e-13 -1.1227719e-03 -9.9968930e-03 -1.2453176e-02 -3.2390506e-02 5.8284752e-02 2.4732820e-02 -5.5021515e-13 -6.0054780e-13 -1.4263303e-12 -1.7142326e-12 -2.3516826e-03 -1.7123599e-02 6.8380880e-02 -2.5081535e-03 -1.1227719e-03 -1.4263303e-12 -1.0900333e-12
-5.7356880e-13 -1.5566791e-13 -8.3146836e-04 9.2027605e-02 -4.0695892e-02 9.6759220e-04 -9.9968930e-03 -1.7142326e-12 -1.5566791e-13 7.5218719e-13 1.0025292e-12 1.4813432e-01 -1.0515150e-01 -3.9020513e-02 -1.2453176e-02 -2.3516826e-03 -8.3146836e-04 1.0025292e-12 2.0241337e-11 5.2337778e-11 -2.4013338e-02 -3.8019751e-02 -3.2390506e-02 -1.7123599e-02 9.2027605e-02 1.4813432e-01 5.2337778e-11 2.2955456e-11 1.9113039e-12 6.3095019e-02 5.8284752e-02 6.8380880e-02 -4.0695892e-02 -1.0515150e-01 -2.4013338e-02 1.9113039e-12 1.7424608e-12 3.8892007e-12 2.4732820e-02 -2.5081535e-03 9.6759220e-04 -3.9020513e-02 -3.8019751e-02 6.3095019e-02 3.8892007e-12 1.4457434e-12 -5.5021515e-13 -1.1227719e-03 -9.9968930e-03 -1.2453176e-02 -3.2390506e-02 5.8284752e-02 2.4732820e-02 -5.5021515e-13 -6.0054780e-13 -1.4263303e-12 -1.7142326e-12 -2.3516826e-03 -1.7123599e-02 6.8380880e-02 -2.5081535e-03 -1.1227719e-03 -1.4263303e-12 -1.0900333e-12
-5.7356880e-13 -1.5566791e-13 -8.3146836e-04 9.2027605e-02 -4.0695892e-02 9.6759220e-04 -9.9968930e-03 -1.7142326e-12 -1.5566791e-13 7.5218719e-13 1.0025292e-12 1.4813432e-01 -1.0515150e-01 -3.9020513e-02 -1.2453176e-02 -2.3516826e-03 -8.3146836e-04 1.0025292e-12 2.0241337e-11 5.2337778e-11 -2.4013338e-02 -3.8019751e-02 -3.2390506e-02 -1.7123599e-02 9.2027605e-02 1.4813432e-01 5.2337778e-11 2.2955456e-11 1.9113039e-12 6.3095019e-02 5.8284752e-02 6.8380880e-02 -4.0695892e-02 -1.0515150e-01 -2.4013338e-02 1.9113039e-12 1.7424608e-12 3.8892007e-12 2.4732820e-02 -2.5081535e-03 9.6759220e-04 -3.9020513e-02 -3.8019751e-02 6.3095019e-02 3.8892007e-12 1.4457434e-12 -5.5021515e-13 -1.1227719e-03 -9.9968930e-03 -1.2453176e-02 -3.2390506e-02 5.8284752e-02 2.4732820e-02 -5.5021515e-13 -6.0054780e-13 -1.4263303e-12 -1.7142326e-12 -2.3516826e-03 -1.7123599e-02 6.8380880e-02 -2.5081535e-03 -1.1227719e-03 -1.4263303e-12 -1.0900333e-12
-5.7356880e-13 -1.5566791e-13 -8.3146836e-04 9.2027605e-02 -4.0695892e-02 9.6759220e-04 -9.9968930e-03 -1.7142326e-12 -1.5566791e-13 7.5218719e-13 1.0025292e-12 1.4813432e-01 -1.0515150e-01 -3.9020513e-02 -1.2453176e-02 -2.3516826e-03 -8.3146836e-04 1.0025292e-12 2.0241337e-11 5.2337778e-11 -2.4013338e-02 -3.8019751e-02 -3.2390506e-02 -1.7123599e-02 9.2027605e-02 1.4813432e-01 5.2337778e-11 2.2955456e-11 1.9113039e-12 6.3095019e-02 5.8284752e-02 6.8380880e-02 -4.0695892e-02 -1.0515150e-01 -2.4013338e-02 1.9113039e-12 1.7424608e-12 3.8892007e-12 2.4732820e-02 -2.5081535e-03 9.6759220e-04 -3.9020513e-02 -3.8019751e-02 6.3095019e-02 3.8892007e-12 1.4457434e-12 -5.5021515e-13 -1.1227719e-03 -9.9968930e-03 -1.2453176e-02 -3.2390506e-02 5.8284752e-02 2.4732820e-02 -5.5021515e-13 -6.0054780e-13 -1.4263303e-12 -1.7142326e-12 -2.3516826e-03 -1.7123599e-02 6.8380880e-02 -2.5081535e-03 -1.1227719e-03 -1.4263303e-12 -1.0900333e-12
-5.7356880e-13 -1.5566791e-13 -8.3146836e-04 9.2027605e-02 -4.0695892e-02 9.6759220e-04 -9.9968930e-03 -1.7142326e-12 -1.5566791e-13 7.5218719e-13 1.0025292e-12 1.4813432e-01 -1.0515150e-01 -3.9020513e-02 -1.2453176e-02 -2.3516826e-03 -8.3146836e-04 1.0025292e-12 2.0241337e-11 5.2337778e-11 -2.4013338e-02 -3.8019751e-02 -3.2390506e-02 -1.7123599e-02 9.2027605e-02 1.4813432e-01 5.2337778e-11 2.2955456e-11 1.9113039e-12 6.3095019e-02 5.8284752e-02 6.8380880e-02 -4.0695892e-02 -1.0515150e-01 -2.4013338e-02 1.9113039e-12 1.7424608e-12 3.8892007e-12 2.4732820e-02 -2.5081535e-03 9.6759220e-04 -3.9020513e-02 -3.8019751e-02 6.3095019e-02 3.8892007e-12 1.4457434e-12 -5.5021515e-13 -1.1227719e-03 -9.9968930e-03 -1.2453176e-02 -3.2390506e-02 5.8284752e-02 2.4732820e-02 -5.5021515e-13 -6.0054780e-13 -1.4263303e-12 -1.7142326e-12 -2.3516826e-03 -1.7123599e-02 6.8380880e-02 -2.5081535e-03 -1.1227719e-03 -1.4263303e-12 -1.0900333e-12
-5.7356880e-13 -1.5566791e-13 -8.3146836e-04 9.2027605e-02 -4.0695892e-02 9.6759220e-04 -9.9968930e-03 -1.7142326e-12 -1.5566791e-13 7.5218719e-13 1.0025292e-12 1.4813432e-01 -1.0515150e-01 -3.9020513e-02 -1.2453176e-02 -2.3516826e-03 -8.3146836e-04 1.0025292e-12 2.0241337e-11 5.2337778e-11 -2.4013338e-02 -3.8019751e-02 -3.2390506e-02 -1.7123599e-02 9.2027605e-02 1.4813432e-01 5.2337778e-11 2.2955456e-11 1.9113039e-12 6.3095019e-02 5.8284752e-02 6.8380880e-02 -4.0695892e-02 -1.0515150e-01 -2.4013338e-02 1.9113039e-12 1.7424608e-12 3.8892007e-12 2.4732820e-02 -2.5081535e-03 9.6759220e-04 -3.9020513e-02 -3.8019751e-02 6.3095019e-02 3.8892007e-12 1.4457434e-12 -5.5021515e-13 -1.1227719e-03 -9.9968930e-03 -1.2453176e-02 -3.2390506e-02 5.8284752e-02 2.4732820e-02 -5.5021515e-13 -6.0054780e-13 -1.4263303e-12 -1.7142326e-12 -2.3516826e-03 -1.7123599e-02 6.8380880e-02 -2.5081535e-03 -1.1227719e-03 -1.4263303e-12 -1.0900333e-12
-5.7356880e-13 -1.5566791e-13 -8.3146836e-04 9.2027605e-02 -4.0695892e-02 9.6759220e-04 -9.9968930e-03 -1.7142326e-12 -1.5566791e-13 7.5218719e-13 1.0025292e-12 1.4813432e-01 -1.0515150e-01 -3.9020513e-02 -1.2453176e-02 -2.3516826e-03 -8.3146836e-04 1.0025292e-12 2.0241337e-11 5.2337778e-11 -2.4013338e-02 -3.8019751e-02 -3.2390506e-02 -1.7123599e-02 9.2027605e-02 1.4813432e-01 5.2337778e-11 2.2955456e-11 1.9113039e-12 6.3095019e-02 5.8284752e-02 6.8380880e-02 -4.0695892e-02 -1.0515150e-01 -2.4013338e-02 1.9113039e-12 1.7424608e-12 3.8892007e-12 2.4732820e-02 -2.5081535e-03 9.6759220e-04 -3.9020513e-02 -3.8019751e-02 6.3095019e-02 3.8892007e-12 1.4457434e-12 -5.5021515e-13 -1.1227719e-03 -9.9968930e-03 -1.2453176e-02 -3.2390506e-02 5.8284752e-02 2.4732820e-02 -5.5021515e-13 -6.0054780e-13 -1.4263303e-12 -1.7142326e-12 -2.3516826e-03 -1.7123599e-02 6.8380880e-02 -2.5081535e-03 -1.1227719e-03 -1.4263303e-12 -1.0900333e-12
-5.7356880e-13 -1.5566791e-13 -8.3146836e-04 9.2027605e-02 -4.0695892e-02 9.6759220e-04 -9.9968930e-03 -1.7142326e-12 -1.5566791e-13 7.5218719e-13 1.0025292e-12 1.4813432e-01 -1.0515150e-01 -3.9020513e-02 -1.2453176e-02 -2.3516826e-03 -8.3146836e-04 1.0025292e-12 2.0241337e-11 5.2337778e-11 -2.4013338e-02 -3.8019751e-02 -3.2390506e-02 -1.7123599e-02 9.2027605e-02 1.4813432e-01 5.2337778e-11 2.2955456e-11 1.9113039e-12 6.3095019e-02 5.8284752e-02 6.8380880e-02 -4.0695892e-02 -1.0515150e-01 -2.4013338e-02 1.9113039e-12 1.7424608e-12 3.8892007e-12 2.4732820e-02 -2.5081535e-03 9.6759220e-04 -3.9020513e-02 -3.8019751e-02 6.3095019e-02 3.8892007e-12 1.4457434e-12 -5.5021515e-13 -1.1227719e-03 -9.9968930e-03 -1.2453176e-02 -3.2390506e-02 5.8284752e-02 2.4732820e-02 -5.5021515e-13 -6.0054780e-13 -1.4263303e-12 -1.7142326e-12 -2.3516826e-03 -1.7123599e-02 6.8380880e-02 -2.5081535e-03 -1.1227719e-03 -1.4263303e-12 -1.0900333e-12
-5.7356880e-13 -1.5566791e-13 -8.3146836e-04 9.2027605e-02 -4.0695892e-02 9.6759220e-04 -9.9968930e-03 -1.7142326e-12 -1.5566791e-13 7.5218719e-13 1.0025292e-12 1.4813432e-01 -1.0515150e-01 -3.9020513e-02 -1.2453176e-02 -2.3516826e-03 -8.3146836e-04 1.0025292e-12 2.0241337e-11 5.2337778e-11 -2.4013338e-02 -3.8019751e-02 -3.2390506e-02 -1.7123599e-02 9.2027605e-02 1.4813432e-01 5.2337778e-11 2.2955456e-11 1.9113039e-12 6.3095019e-02 5.8284752e-02 6.8380880e-02 -4.0695892e-02 -1.0515150e-01 -2.4013338e-02 1.9113039e-12 1.7424608e-12 3.8892007e-12 2.4732820e-02 -2.5081535e-03 9.6759220e-04 -3.9020513e-02 -3.8019751e-02 6.3095019e-02 3.8892007e-12 1.4457434e-12 -5.5021515e-13 -1.1227719e-03 -9.9968930e-03 -1.2453176e-02 -3.2390506e-02 5.8284752e-02 2.4732820e-02 -5.5021515e-13 -6.0054780e-13 -1.4263303e-12 -1.7142326e-12 -2.3516826e-03 -1.7123599e-02 6.8380880e-02 -2.5081535e-03 -1.1227719e-03 -1.4263303e-12 -1.0900333e-12
-5.7356880e-13 -1.5566791e-13 -8.3146836e-04 9.2027605e-02 -4.0695892e-02 9.6759220e-04 -9.9968930e-03 -1.7142326e-12 -1.5566791e-13 7.5218719e-13 1.0025292e-12 1.4813432e-01 -1.0515150e-01 -3.9020513e-02 -1.2453176e-02 -2.3516826e-03 -8.3146836e-04 1.0025292e-12 2.0241337e-11 5.2337778e-11 -2.4013338e-02 -3.8019751e-02 -3.2390506e-02 -1.7123599e-02 9.2027605e-02 1.4813432e-01 5.2337778e-11 2.2955456e-11 1.9113039e-12 6.3095019e-02 5.8284752e-02 6.8380880e-02 -4.0695892e-02 -1.0515150e-01 -2.4013338e-02 1.9113039e-12 1.7424608e-12 3.8892007e-12 2.4732820e-02 -2.5081535e-03 9.6759220e-04 -3.9020513e-02 -3.8019751e-02 6.3095019e-02 3.8892007e-12 1.4457434e-12 -5.5021515e-13 -1.1227719e-03 -9.9968930e-03 -1.2453176e-02 -3.2390506e-02 5.8284752e-02 2.4732820e-02 -5.5021515e-13 -6.0054780e-13 -1.4263303e-12 -1.7142326e-12 -2.3516826e-03 -1.7123599e-02 6.8380880e-02 -2.5081535e-03 -1.1227719e-03 -1.4263303e-12 -1.0900333e-12
-5.7356880e-13 -1.5566791e-13 -8.3146836e-04 9.2027605e-02 -4.0695892e-02 9.6759220e-04 -9.9968930e-03 -1.7142326e-12 -1.5566791e-13 7.5218719e-13 1.0025292e-12 1.4813432e-01 -1.0515150e-01 -3.9020513e-02 -1.2453176e-02 -2.3516826e-03 -8.3146836e-04 1.0025292e-12 2.0241337e-11 5.2337778e-11 -2.4013338e-02 -3.8019751e-02 -3.2390506e-02 -1.7123599e-02 9.2027605e-02 1.4813432e-01 5.2337778e-11 2.2955456e-11 1.9113039e-12 6.3095019e-02 5.8284752e-02 6.8380880e-02 -4.0695892e-02 -1.0515150e-01 -2.4013338e-02 1.9113039e-12 1.7424608e-12 3.8892007e-12 2.4732820e-02 -2.5081535e-03 9.6759220e-04 -3.9020513e-02 -3.8019751e-02 6.3095019e-02 3.8892007e-12 1.4457434e-12 -5.5021515e-13 -1.1227719e-03 -9.9968930e-03 -1.2453176e-02 -3.2390506e-02 5.8284752e-02 2.4732820e-02 -5.5021515e-13 -6.0054780e-13 -1.4263303e-12 -1.7142326e-12 -2.3516826e-03 -1.7123599e-02 6.8380880e-02 -2.5081535e-03 -1.1227719e-03 -1.4263303e-12 -1.0900333e-12
2.0152775e-12 4.1259748e-12 2.5127290e-02 -2.3459698e-03 -4.1828498e-02 -1.0423161e-01 -2.4579956e-02 2.3749209e-12 4.1259748e-12 1.5611415e-12 -4.4613233e-13 -2.7993320e-04 -5.8648563e-04 -3.9673847e-02 -3.6383059e-02 5.9551890e-02 2.5127290e-02 -4.4613233e-13 -5.4923020e-13 -1.3794066e-12 -1.0035016e-02 -1.4980990e-02 -3.0911566e-02 5.7928012e-02 -2.3459698e-03 -2.7993320e-04 -1.3794066e-12 -1.0524159e-12 -1.6340552e-12 -5.7815475e-03 -1.7202556e-02 7.1706076e-02 -4.1828498e-02 -5.8648563e-04 -1.0035016e-02 -1.6340552e-12 -5.4121141e-13 -1.1633297e-13 -2.4503571e-03 9.6400450e-02 -1.0423161e-01 -3.9673847e-02 -1.4980990e-02 -5.7815475e-03 -1.1633297e-13 7.6871202e-13 9.5539997e-13 1.5550034e-01 -2.4579956e-02 -3.6383059e-02 -3.0911566e-02 -1.7202556e-02 -2.4503571e-03 9.5539997e-13 2.0283864e-11 5.2763042e-11 2.3749209e-12 5.9551890e-02 5.7928012e-02 7.1706076e-02 9.6400450e-02 1.5550034e-01 5.2763042e-11 2.3361102e-11
3.7833180e-12 5.1983479e-12 2.8240087e-02 -6.0885181e-03 -5.2232801e-02 -1.1647150e-01 -5.8989149e-02 6.6581179e-12 5.1983479e-12 2.0325828e-12 -5.1533839e-13 -1.9855029e-03 -5.0023885e-03 -4.6479091e-02 -6.4338801e-02 9.4657559e-02 2.8240087e-02 -5.1533839e-13 -6.8294872e-13 -1.7399324e-12 -1.4506603e-02 -1.8467985e-02 -4.6822467e-02 8.6335162e-02 -6.0885181e-03 -1.9855029e-03 -1.7399324e-12 -1.3291982e-12 -2.0200800e-12 -9.9946445e-03 -2.2690665e-02 9.9008294e-02 -5.2232801e-02 -5.0023885e-03 -1.4506603e-02 -2.0200800e-12 -8.1580069e-13 -5.4648162e-13 5.6485532e-04 1.2351664e-01 -1.1647150e-01 -4.6479091e-02 -1.8467985e-02 -9.9946445e-03 -5.4648162e-13 1.2129619e-12 2.2997092e-12 1.8592904e-01 -5.8989149e-02 -6.4338801e-02 -4.6822467e-02 -2.2690665e-02 5.6485532e-04 2.2997092e-12 1.8988089e-11 4.9021352e-11 6.6581179e-12 9.4657559e-02 8.6335162e-02 9.9008294e-02 1.2351664e-01 1.8592904e-01 4.9021352e-11 2.4275546e-11
6.3317005e-12 5.8379858e-12 2.7111079e-02 -1.2004089e-02 -6.1432000e-02 -1.2223916e-01 -8.8553977e-02 1.3362909e-11 5.8379858e-12 2.3358914e-12 -6.4093135e-13 -4.7386737e-03 -1.0347785e-02 -5.1515630e-02 -9.0503961e-02 1.3268529e-01 2.7111079e-02 -6.4093135e-13 -8.3769858e-13 -2.0757510e-12 -1.8346650e-02 -1.9777839e-02 -5.8845927e-02 1.1330280e-01 -1.2004089e-02 -4.7386737e-03 -2.0757510e-12 -1.5524676e-12 -2.2835207e-12 -1.2311421e-02 -2.4086477e-02 1.2117718e-01 -6.1432000e-02 -1.0347785e-02 -1.8346650e-02 -2.2835207e-12 -9.9547831e-13 -8.3881491e-13 7.2216746e-03 1.4125597e-01 -1.2223916e-01 -5.1515630e-02 -1.9777839e-02 -1.2311421e-02 -8.3881491e-13 1.6800783e-12 3.7381857e-12 1.9906886e-01 -8.8553977e-02 -9.0503961e-02 -5.8845927e-02 -2.4086477e-02 7.2216746e-03 3.7381857e-12 1.6209692e-11 4.1120785e-11 1.3362909e-11 1.3268529e-01 1.1330280e-01 1.2117718e-01 1.4125597e-01 1.9906886e-01 4.1120785e-11 2.4369603e-11
9.5534291e-12 5.8201891e-12 2.1675337e-02 -1.8723325e-02 -6.6889031e-02 -1.1927319e-01 -1.0556171e-01 2.2257173e-11 5.8201891e-12 2.3815585e-12 -7.7796597e-13 -7.7500705e-03 -1.5358197e-02 -5.3768834e-02 -1.1017912e-01 1.6611894e-01 2.1675337e-02 -7.7796597e-13 -9.7288659e-13 -2.3120356e-12 -2.0521877e-02 -1.8235754e-02 -6.4378917e-02 1.3263654e-01 -1.8723325e-02 -7.7500705e-03 -2.3120356e-12 -1.6706252e-12 -2.3625922e-12 -1.2105229e-02 -2.0947059e-02 1.3264823e-01 -6.6889031e-02 -1.5358197e-02 -2.0521877e-02 -2.3625922e-12 -1.0439914e-12 -9.4105765e-13 1.6030928e-02 1.4487218e-01 -1.1927319e-01 -5.3768834e-02 -1.8235754e-02 -1.2105229e-02 -9.4105765e-13 2.0480441e-12 4.9147919e-12 1.9128562e-01 -1.0556171e-01 -1.1017912e-01 -6.4378917e-02 -2.0947059e-02 1.6030928e-02 4.9147919e-12 1.2619670e-11 3.0982796e-11 2.2257173e-11 1.6611894e-01 1.3263654e-01 1.3264823e-01 1.4487218e-01 1.9128562e-01 3.0982796e-11 2.4163117e-11
1.3168699e-11 5.1464977e-12 1.3587102e-02 -2.4350654e-02 -6.6986726e-02 -1.0743000e-01 -1.0643445e-01 3.2488876e-11 5.1464977e-12 2.1755541e-12 -8.4989673e-13 -9.9093294e-03 -1.8868785e-02 -5.3161056e-02 -1.2153447e-01 1.8854372e-01 1.3587102e-02 -8.4989673e-13 -1.0422753e-12 -2.4027264e-12 -2.0572726e-02 -1.4212488e-02 -6.3447796e-02 1.4063050e-01 -2.4350654e-02 -9.9093294e-03 -2.4027264e-12 -1.6675492e-12 -2.2627174e-12 -9.8355805e-03 -1.4692220e-02 1.3157649e-01 -6.6986726e-02 -1.8868785e-02 -2.0572726e-02 -2.2627174e-12 -9.8053939e-13 -8.9020652e-13 2.4569275e-02 1.3460174e-01 -1.0743000e-01 -5.3161056e-02 -1.4212488e-02 -9.8355805e-03 -8.9020652e-13 2.2310373e-12 5.5887650e-12 1.6616379e-01 -1.0643445e-01 -1.2153447e-01 -6.3447796e-02 -1.4692220e-02 2.4569275e-02 5.5887650e-12 8.8987757e-12 2.0587443e-11 3.2488876e-11 1.8854372e-01 1.4063050e-01 1.3157649e-01 1.3460174e-01 1.6616379e-01 2.0587443e-11 2.4054314e-11
1.6639097e-11 4.0088899e-12 5.6626724e-03 -2.6811820e-02 -6.1043027e-02 -8.8409550e-02 -9.1571731e-02 4.2405641e-11 4.0088899e-12 1.7978092e-12 -7.7502919e-13 -1.0147986e-02 -2.0001020e-02 -5.0226041e-02 -1.2451467e-01 1.9473920e-01 5.6626724e-03 -7.7502919e-13 -1.0046169e-12 -2.3290108e-12 -1.8613357e-02 -8.9173651e-03 -5.7786006e-02 1.3579666e-01 -2.6811820e-02 -1.0147986e-02 -2.3290108e-12 -1.5552627e-12 -2.0369363e-12 -6.6984374e-03 -7.7932140e-03 1.1906442e-01 -6.1043027e-02 -2.0001020e-02 -1.8613357e-02 -2.0369363e-12 -8.5808025e-13 -7.7281351e-13 3.0184123e-02 1.1425456e-01 -8.8409550e-02 -5.0226041e-02 -8.9173651e-03 -6.6984374e-03 -7.7281351e-13 2.1843156e-12 5.6393165e-12 1.3191376e-01 -9.1571731e-02 -1.2451467e-01 -5.7786006e-02 -7.7932140e-03 3.0184123e-02 5.6393165e-12 5.7224284e-12 1.1890631e-11 4.2405641e-11 1.9473920e-01 1.3579666e-01 1.1906442e-01 1.1425456e-01 1.3191376e-01 1.1890631e-11 2.4194021e-11
1.9196682e-11 2.6361320e-12 1.8652284e-04 -2.4732272e-02 -4.8968277e-02 -6.3762526e-02 -6.3718587e-02 4.9775193e-11 2.6361320e-12 1.3352724e-12 -5.0600219e-13 -7.9397716e-03 -1.8394844e-02 -4.5167118e-02 -1.1913147e-01 1.8109616e-01 1.8652284e-04 -5.0600219e-13 -8.3547665e-13 -2.0808664e-12 -1.5014612e-02 -3.5786250e-03 -4.9089871e-02 1.1799508e-01 -2.4732272e-02 -7.9397716e-03 -2.0808664e-12 -1.3469714e-12 -1.7287333e-12 -3.7997399e-03 -2.2736223e-03 9.7020586e-02 -4.8968277e-02 -1.8394844e-02 -1.5014612e-02 -1.7287333e-12 -7.2017359e-13 -6.6095464e-13 3.1095888e-02 8.7569986e-02 -6.3762526e-02 -4.5167118e-02 -3.5786250e-03 -3.7997399e-03 -6.6095464e-13 1.8998025e-12 5.0525732e-12 9.4980908e-02 -6.3718587e-02 -1.1913147e-01 -4.9089871e-02 -2.2736223e-03 3.1095888e-02 5.0525732e-12 3.3543237e-12 5.6961526e-12 4.9775193e-11 1.8109616e-01 1.1799508e-01 9.7020586e-02 8.7569986e-02 9.4980908e-02 5.6961526e-12 2.4074618e-11
2.0082215e-11 1.3049899e-12 -1.7538320e-03 -1.8374862e-02 -3.2518047e-02 -3.6513830e-02 -2.8909842e-02 5.2457275e-11 1.3049899e-12 8.8279247e-13 -7.7198456e-14 -3.7289578e-03 -1.4526983e-02 -3.8383422e-02 -1.0637592e-01 1.4919432e-01 -1.7538320e-03 -7.7198456e-14 -5.5615375e-13 -1.6901974e-12 -1.0528293e-02 7.3983494e-04 -3.9130966e-02 9.0370721e-02 -1.8374862e-02 -3.7289578e-03 -1.6901974e-12 -1.0727784e-12 -1.3829848e-12 -1.8423167e-03 7.4990527e-04 6.9395844e-02 -3.2518047e-02 -1.4526983e-02 -1.0528293e-02 -1.3829848e-12 -5.9438735e-13 -5.8985071e-13 2.7195253e-02 5.8985360e-02 -3.6513830e-02 -3.8383422e-02 7.3983494e-04 -1.8423167e-03 -5.8985071e-13 1.4367410e-12 3.9825334e-12 6.0565598e-02 -2.8909842e-02 -1.0637592e-01 -3.9130966e-02 7.4990527e-04 2.7195253e-02 3.9825334e-12 1.7608758e-12 1.8988547e-12 5.2457275e-11 1.4919432e-01 9.0370721e-02 6.9395844e-02 5.8985360e-02 6.0565598e-02 1.8988547e-12 2.2920764e-11
-5.7356880e-13 -1.5566791e-13 -8.3146836e-04 9.2027605e-02 -4.0695892e-02 9.6759220e-04 -9.9968930e-03 -1.7142326e-12 -1.5566791e-13 7.5218719e-13 1.0025292e-12 1.4813432e-01 -1.0515150e-01 -3.9020513e-02 -1.2453176e-02 -2.3516826e-03 -8.3146836e-04 1.0025292e-12 2.0241337e-11 5.2337778e-11 -2.4013338e-02 -3.8019751e-02 -3.2390506e-02 -1.7123599e-02 9.2027605e-02 1.4813432e-01 5.2337778e-11 2.2955456e-11 1.9113039e-12 6.3095019e-02 5.8284752e-02 6.8380880e-02 -4.0695892e-02 -1.0515150e-01 -2.4013338e-02 1.9113039e-12 1.7424608e-12 3.8892007e-12 2.4732820e-02 -2.5081535e-03 9.6759220e-04 -3.9020513e-02 -3.8019751e-02 6.3095019e-02 3.8892007e-12 1.4457434e-12 -5.5021515e-13 -1.1227719e-03 -9.9968930e-03 -1.2453176e-02 -3.2390506e-02 5.8284752e-02 2.4732820e-02 -5.5021515e-13 -6.0054780e-13 -1.4263303e-12 -1.7142326e-12 -2.3516826e-03 -1.7123599e-02 6.8380880e-02 -2.5081535e-03 -1.1227719e-03 -1.4263303e-12 -1.0900333e-12
-5.7356880e-13 -1.5566791e-13 -8.3146836e-04 9.2027605e-02 -4.0695892e-02 9.6759220e-04 -9.9968930e-03 -1.7142326e-12 -1.5566791e-13 7.5218719e-13 1.0025292e-12 1.4813432e-01 -1.0515150e-01 -3.9020513e-02 -1.2453176e-02 -2.3516826e-03 -8.3146836e-04 1.0025292e-12 2.0241337e-11 5.2337778e-11 -2.4013338e-02 -3.8019751e-02 -3.2390506e-02 -1.7123599e-02 9.2027605e-02 1.4813432e-01 5.2337778e-11 2.2955456e-11 1.9113039e-12 6.3095019e-02 5.8284752e-02 6.8380880e-02 -4.0695892e-02 -1.0515150e-01 -2.4013338e-02 1.9113039e-12 1.7424608e-12 3.8892007e-12 2.4732820e-02 -2.5081535e-03 9.6759220e-04 -3.9020513e-02 -3.8019751e-02 6.3095019e-02 3.8892007e-12 1.4457434e-12 -5.5021515e-13 -1.1227719e-03 -9.9968930e-03 -1.2453176e-02 -3.2390506e-02 5.8284752e-02 2.4732820e-02 -5.5021515e-13 -6.0054780e-13 -1.4263303e-12 -1.7142326e-12 -2.3516826e-03 -1.7123599e-02 6.8380880e-02 -2.5081535e-03 -1.1227719e-03 -1.4263303e-12 -1.0900333e-12
-5.7356880e-13 -1.5566791e-13 -8.3146836e-04 9.2027605e-02 -4.0695892e-02 9.6759220e-04 -9.9968930e-03 -1.7142326e-12 -1.5566791e-13 7.5218719e-13 1.0025292e-12 1.4813432e-01 -1.0515150e-01 -3.9020513e-02 -1.2453176e-02 -2.3516826e-03 -8.3146836e-04 1.0025292e-12 2.0241337e-11 5.2337778e-11 -2.4013338e-02 -3.8019751e-02 -3.2390506e-02 -1.7123599e-02 9.2027605e-02 1.4813432e-01 5.2337778e-11 2.2955456e-11 1.9113039e-12 6.3095019e-02 5.8284752e-02 6.8380880e-02 -4.0695892e-02 -1.0515150e-01 -2.4013338e-02 1.9113039e-12 1.7424608e-12 3.8892007e-12 2.4732820e-02 -2.5081535e-03 9.6759220e-04 -3.9020513e-02 -3.8019751e-02 6.3095019e-02 3.8892007e-12 1.4457434e-12 -5.5021515e-13 -1.1227719e-03 -9.9968930e-03 -1.2453176e-02 -3.2390506e-02 5.8284752e-02 2.4732820e-02 -5.5021515e-13 -6.0054780e-13 -1.4263303e-12 -1.7142326e-12 -2.3516826e-03 -1.7123599e-02 6.8380880e-02 -2.5081535e-03 -1.1227719e-03 -1.4263303e-12 -1.0900333e-12
-5.7356880e-13 -1.5566791e-13 -8.3146836e-04 9.2027605e-02 -4.0695892e-02 9.6759220e-04 -9.9968930e-03 -1.7142326e-12 -1.5566791e-13 7.5218719e-13 1.0025292e-12 1.4813432e-01 -1.0515150e-01 -3.9020513e-02 -1.2453176e-02 -2.3516826e-03 -8.3146836e-04 1.0025292e-12 2.0241337e-11 5.2337778e-11 -2.4013338e-02 -3.8019751e-02 -3.2390506e-02 -1.7123599e-02 9.2027605e-02 1.4813432e-01 5.2337778e-11 2.2955456e-11 1.9113039e-12 6.3095019e-02 5.8284752e-02 6.8380880e-02 -4.0695892e-02 -1.0515150e-01 -2.4013338e-02 1.9113039e-12 1.7424608e-12 3.8892007e-12 2.4732820e-02 -2.5081535e-03 9.6759220e-04 -3.9020513e-02 -3.8019751e-02 6.3095019e-02 3.8892007e-12 1.4457434e-12 -5.5021515e-13 -1.1227719e-03 -9.9968930e-03 -1.2453176e-02 -3.2390506e-02 5.8284752e-02 2.4732820e-02 -5.5021515e-13 -6.0054780e-13 -1.4263303e-12 -1.7142326e-12 -2.3516826e-03 -1.7123599e-02 6.8380880e-02 -2.5081535e-03 -1.1227719e-03 -1.4263303e-12 -1.0900333e-12
-5.7356880e-13 -1.5566791e-13 -8.3146836e-04 9.2027605e-02 -4.0695892e-02 9.6759220e-04 -9.9968930e-03 -1.7142326e-12 -1.5566791e-13 7.5218719e-13 1.0025292e-12 1.4813432e-01 -1.0515150e-01 -3.9020513e-02 -1.2453176e-02 -2.3516826e-03 -8.3146836e-04 1.0025292e-12 2.0241337e-11 5.2337778e-11 -2.4013338e-02 -3.8019751e-02 -3.2390506e-02 -1.7123599e-02 9.2027605e-02 1.4813432e-01 5.2337778e-11 2.2955456e-11 1.9113039e-12 6.3095019e-02 5.8284752e-02 6.8380880e-02 -4.0695892e-02 -1.0515150e-01 -2.4013338e-02 1.9113039e-12 1.7424608e-12 3.8892007e-12 2.4732820e-02 -2.5081535e-03 9.6759220e-04 -3.9020513e-02 -3.8019751e-02 6.3095019e-02 3.8892007e-12 1.4457434e-12 -5.5021515e-13 -1.1227719e-03 -9.9968930e-03 -1.2453176e-02 -3.2390506e-02 5.8284752e-02 2.4732820e-02 -5.5021515e-13 -6.0054780e-13 -1.4263303e-12 -1.7142326e-12 -2.3516826e-03 -1.7123599e-02 6.8380880e-02 -2.5081535e-03 -1.1227719e-03 -1.4263303e-12 -1.0900333e-12
-5.7356880e-13 -1.5566791e-13 -8.3146836e-04 9.2027605e-02 -4.0695892e-02 9.6759220e-04 -9.9968930e-03 -1.7142326e-12 -1.5566791e-13 7.5218719e-13 1.0025292e-12 1.4813432e-01 -1.0515150e-01 -3.9020513e-02 -1.2453176e-02 -2.3516826e-03 -8.3146836e-04 1.0025292e-12 2.0241337e-11 5.2337778e-11 -2.4013338e-02 -3.8019751e-02 -3.2390506e-02 -1.7123599e-02 9.2027605e-02 1.4813432e-01 5.2337778e-11 2.2955456e-11 1.9113039e-12 6.3095019e-02 5.8284752e-02 6.8380880e-02 -4.0695892e-02 -1.0515150e-01 -2.4013338e-02 1.9113039e-12 1.7424608e-12 3.8892007e-12 2.4732820e-02 -2.5081535e-03 9.6759220e-04 -3.9020513e-02 -3.8019751e-02 6.3095019e-02 3.8892007e-12 1.4457434e-12 -5.5021515e-13 -1.1227719e-03 -9.9968930e-03 -1.2453176e-02 -3.2390506e-02 5.8284752e-02 2.4732820e-02 -5.5021515e-13 -6.0054780e-13 -1.4263303e-12 -1.7142326e-12 -2.3516826e-03 -1.7123599e-02 6.8380880e-02 -2.5081535e-03 -1.1227719e-03 -1.4263303e-12 -1.0900333e-12
-5.7356880e-13 -1.5566791e-13 -8.3146836e-04 9.2027605e-02 -4.0695892e-02 9.6759220e-04 -9.9968930e-03 -1.7142326e-12 -1.5566791e-13 7.5218719e-13 1.0025292e-12 1.4813432e-01 -1.0515150e-01 -3.9020513e-02 -1.2453176e-02 -2.3516826e-03 -8.3146836e-04 1.0025292e-12 2.0241337e-11 5.2337778e-11 -2.4013338e-02 -3.8019751e-02 -3.2390506e-02 -1.7123599e-02 9.2027605e-02 1.4813432e-01 5.2337778e-11 2.2955456e-11 1.9113039e-12 6.3095019e-02 5.8284752e-02 6.8380880e-02 -4.0695892e-02 -1.0515150e-01 -2.4013338e-02 1.9113039e-12 1.7424608e-12 3.8892007e-12 2.4732820e-02 -2.5081535e-03 9.6759220e-04 -3.9020513e-02 -3.8019751e-02 6.3095019e-02 3.8892007e-12 1.4457434e-12 -5.5021515e-13 -1.1227719e-03 -9.9968930e-03 -1.2453176e-02 -3.2390506e-02 5.8284752e-02 2.4732820e-02 -5.5021515e-13 -6.0054780e-13 -1.4263303e-12 -1.7142326e-12 -2.3516826e-03 -1.7123599e-02 6.8380880e-02 -2.5081535e-03 -1.1227719e-03 -1.4263303e-12 -1.0900333e-12
-5.7356880e-13 -1.5566791e-13 -8.3146836e-04 9.2027605e-02 -4.0695892e-02 9.6759220e-04 -9.9968930e-03 -1.7142326e-12 -1.5566791e-13 7.5218719e-13 1.0025292e-12 1.4813432e-01 -1.0515150e-01 -3.9020513e-02 -1.2453176e-02 -2.3516826e-03 -8.3146836e-04 1.0025292e-12 2.0241337e-11 5.2337778e-11 -2.4013338e-02 -3.8019751e-02 -3.2390506e-02 -1.7123599e-02 9.2027605e-02 1.4813432e-01 5.2337778e-11 2.2955456e-11 1.9113039e-12 6.3095019e-02 5.8284752e-02 6.8380880e-02 -4.0695892e-02 -1.0515150e-01 -2.4013338e-02 1.9113039e-12 1.7424608e-12 3.8892007e-12 2.4732820e-02 -2.5081535e-03 9.6759220e-04 -3.9020513e-02 -3.8019751e-02 6.3095019e-02 3.8892007e-12 1.4457434e-12 -5.5021515e-13 -1.1227719e-03 -9.9968930e-03 -1.2453176e-02 -3.2390506e-02 5.8284752e-02 2.4732820e-02 -5.5021515e-13 -6.0054780e-13 -1.4263303e-12 -1.7142326e-12 -2.3516826e-03 -1.7123599e-02 6.8380880e-02 -2.5081535e-03 -1.1227719e-03 -1.4263303e-12 -1.0900333e-12
-5.7356880e-13 -1.5566791e-13 -8.3146836e-04 9.2027605e-02 -4.0695892e-02 9.6759220e-04 -9.9968930e-03 -1.7142326e-12 -1.5566791e-13 7.5218719e-13 1.0025292e-12 1.4813432e-01 -1.0515150e-01 -3.9020513e-02 -1.2453176e-02 -2.3516826e-03 -8.3146836e-04 1.0025292e-12 2.0241337e-11 5.2337778e-11 -2.4013338e-02 -3.8019751e-02 -3.2390506e-02 -1.7123599e-02 9.2027605e-02 1.4813432e-01 5.2337778e-11 2.2955456e-11 1.9113039e-12 6.3095019e-02 5.8284752e-02 6.8380880e-02 -4.0695892e-02 -1.0515150e-01 -2.4013338e-02 1.9113039e-12 1.7424608e-12 3.8892007e-12 2.4732820e-02 -2.5081535e-03 9.6759220e-04 -3.9020513e-02 -3.8019751e-02 6.3095019e-02 3.8892007e-12 1.4457434e-12 -5.5021515e-13 -1.1227719e-03 -9.9968930e-03 -1.2453176e-02 -3.2390506e-02 5.8284752e-02 2.4732820e-02 -5.5021515e-13 -6.0054780e-13 -1.4263303e-12 -1.7142326e-12 -2.3516826e-03 -1.7123599e-02 6.8380880e-02 -2.5081535e-03 -1.1227719e-03 -1.4263303e-12 -1.0900333e-12
-5.7356880e-13 -1.5566791e-13 -8.3146836e-04 9.2027605e-02 -4.0695892e-02 9.6759220e-04 -9.9968930e-03 -1.7142326e-12 -1.5566791e-13 7.5218719e-13 1.0025292e-12 1.4813432e-01 -1.0515150e-01 -3.9020513e-02 -1.2453176e-02 -2.3516826e-03 -8.3146836e-04 1.0025292e-12 2.0241337e-11 5.2337778e-11 -2.4013338e-02 -3.8019751e-02 -3.2390506e-02 -1.7123599e-02 9.2027605e-02 1.4813432e-01 5.2337778e-11 2.2955456e-11 1.9113039e-12 6.3095019e-02 5.8284752e-02 6.8380880e-02 -4.0695892e-02 -1.0515150e-01 -2.4013338e-02 1.9113039e-12 1.7424608e-12 3.8892007e-12 2.4732820e-02 -2.5081535e-03 9.6759220e-04 -3.9020513e-02 -3.8019751e-02 6.3095019e-02 3.8892007e-12 1.4457434e-12 -5.5021515e-13 -1.1227719e-03 -9.9968930e-03 -1.2453176e-02 -3.2390506e-02 5.8284752e-02 2.4732820e-02 -5.5021515e-13 -6.0054780e-13 -1.4263303e-12 -1.7142326e-12 -2.3516826e-03 -1.7123599e-02 6.8380880e-02 -2.5081535e-03 -1.1227719e-03 -1.4263303e-12 -1.0900333e-12
-5.7356880e-13 -1.5566791e-13 -8.3146836e-04 9.2027605e-02 -4.0695892e-02 9.6759220e-04 -9.9968930e-03 -1.7142326e-12 -1.5566791e-13 7.5218719e-13 1.0025292e-12 1.4813432e-01 -1.0515150e-01 -3.9020513e-02 -1.2453176e-02 -2.3516826e-03 -8.3146836e-04 1.0025292e-12 2.0241337e-11 5.2337778e-11 -2.4013338e-02 -3.8019751e-02 -3.2390506e-02 -1.7123599e-02 9.2027605e-02 1.4813432e-01 5.2337778e-11 2.2955456e-11 1.9113039e-12 6.3095019e-02 5.8284752e-02 6.8380880e-02 -4.0695892e-02 -1.0515150e-01 -2.4013338e-02 1.9113039e-12 1.7424608e-12 3.8892007e-12 2.4732820e-02 -2.5081535e-03 9.6759220e-04 -3.9020513e-02 -3.8019751e-02 6.3095019e-02 3.8892007e-12 1.4457434e-12 -5.5021515e-13 -1.1227719e-03 -9.9968930e-03 -1.2453176e-02 -3.2390506e-02 5.8284752e-02 2.4732820e-02 -5.5021515e-13 -6.0054780e-13 -1.4263303e-12 -1.7142326e-12 -2.3516826e-03 -1.7123599e-02 6.8380880e-02 -2.5081535e-03 -1.1227719e-03 -1.4263303e-12 -1.0900333e-12
-5.7356880e-13 -1.5566791e-13 -8.3146836e-04 9.2027605e-02 -4.0695892e-02 9.6759220e-04 -9.9968930e-03 -1.7142326e-12 -1.5566791e-13 7.5218719e-13 1.0025292e-12 1.4813432e-01 -1.0515150e-01 -3.9020513e-02 -1.2453176e-02 -2.3516826e-03 -8.3146836e-04 1.0025292e-12 2.0241337e-11 5.2337778e-11 -2.4013338e-02 -3.8019751e-02 -3.2390506e-02 -1.7123599e-02 9.2027605e-02 1.4813432e-01 5.2337778e-11 2.2955456e-11 1.9113039e-12 6.3095019e-02 5.8284752e-02 6.8380880e-02 -4.0695892e-02 -1.0515150e-01 -2.4013338e-02 1.9113039e-12 1.7424608e-12 3.8892007e-12 2.4732820e-02 -2.5081535e-03 9.6759220e-04 -3.9020513e-02 -3.8019751e-02 6.3095019e-02 3.8892007e-12 1.4457434e-12 -5.5021515e-13 -1.1227719e-03 -9.9968930e-03 -1.2453176e-02 -3.2390506e-02 5.8284752e-02 2.4732820e-02 -5.5021515e-13 -6.0054780e-13 -1.4263303e-12 -1.7142326e-12 -2.3516826e-03 -1.7123599e-02 6.8380880e-02 -2.5081535e-03 -1.1227719e-03 -1.4263303e-12 -1.0900333e-12
-5.7356880e-13 -1.5566791e-13 -8.3146836e-04 9.2027605e-02 -4.0695892e-02 9.6759220e-04 -9.9968930e-03 -1.7142326e-12 -1.5566791e-13 7.5218719e-13 1.0025292e-12 1.4813432e-01 -1.0515150e-01 -3.9020513e-02 -1.2453176e-02 -2.3516826e-03 -8.3146836e-04 1.0025292e-12 2.0241337e-11 5.2337778e-11 -2.4013338e-02 -3.8019751e-02 -3.2390506e-02 -1.7123599e-02 9.2027605e-02 1.4813432e-01 5.2337778e-11 2.2955456e-11 1.9113039e-12 6.3095019e-02 5.8284752e-02 6.8380880e-02 -4.0695892e-02 -1.0515150e-01 -2.4013338e-02 1.9113039e-12 1.7424608e-12 3.8892007e-12 2.4732820e-02 -2.5081535e-03 9.6759220e-04 -3.9020513e-02 -3.8019751e-02 6.3095019e-02 3.8892007e-12 1.4457434e-12 -5.5021515e-13 -1.1227719e-03 -9.9968930e-03 -1.2453176e-02 -3.2390506e-02 5.8284752e-02 2.4732820e-02 -5.5021515e-13 -6.0054780e-13 -1.4263303e-12 -1.7142326e-12 -2.3516826e-03 -1.7123599e-02 6.8380880e-02 -2.5081535e-03 -1.1227719e-03 -1.4263303e-12 -1.0900333e-12
-5.7356880e-13 -1.5566791e-13 -8.3146836e-04 9.2027605e-02 -4.0695892e-02 9.6759220e-04 -9.9968930e-03 -1.7142326e-12 -1.5566791e-13 7.5218719e-13 1.0025292e-12 1.4813432e-01 -1.0515150e-01 -3.9020513e-02 -1.2453176e-02 -2.3516826e-03 -8.3146836e-04 1.0025292e-12 2.0241337e-11 5.2337778e-11 -2.4013338e-02 -3.8019751e-02 -3.2390506e-02 -1.7123599e-02 9.2027605e-02 1.4813432e-01 5.2337778e-11 2.2955456e-11 1.9113039e-12 6.3095019e-02 5.8284752e-02 6.8380880e-02 -4.0695892e-02 -1.0515150e-01 -2.4013338e-02 1.9113039e-12 1.7424608e-12 3.8892007e-12 2.4732820e-02 -2.5081535e-03 9.6759220e-04 -3.9020513e-02 -3.8019751e-02 6.3095019e-02 3.8892007e-12 1.4457434e-12 -5.5021515e-13 -1.1227719e-03 -9.9968930e-03 -1.2453176e-02 -3.2390506e-02 5.8284752e-02 2.4732820e-02 -5.5021515e-13 -6.0054780e-13 -1.4263303e-12 -1.7142326e-12 -2.3516826e-03 -1.7123599e-02 6.8380880e-02 -2.5081535e-03 -1.1227719e-03 -1.4263303e-12 -1.0900333e-12
-5.7356880e-13 -1.5566791e-13 -8.3146836e-04 9.2027605e-02 -4.0695892e-02 9.6759220e-04 -9.9968930e-03 -1.7142326e-12 -1.5566791e-13 7.5218719e-13 1.0025292e-12 1.4813432e-01 -1.0515150e-01 -3.9020513e-02 -1.2453176e-02 -2.3516826e-03 -8.3146836e-04 1.0025292e-12 2.0241337e-11 5.2337778e-11 -2.4013338e-02 -3.8019751e-02 -3.2390506e-02 -1.7123599e-02 9.2027605e-02 1.4813432e-01 5.2337778e-11 2.2955456e-11 1.9113039e-12 6.3095019e-02 5.8284752e-02 6.8380880e-02 -4.0695892e-02 -1.0515150e-01 -2.4013338e-02 1.9113039e-12 1.7424608e-12 3.8892007e-12 2.4732820e-02 -2.5081535e-03 9.6759220e-04 -3.9020513e-02 -3.8019751e-02 6.3095019e-02 3.8892007e-12 1.4457434e-12 -5.5021515e-13 -1.1227719e-03 -9.9968930e-03 -1.2453176e-02 -3.2390506e-02 5.8284752e-02 2.4732820e-02 -5.5021515e-13 -6.0054780e-13 -1.4263303e-12 -1.7142326e-12 -2.3516826e-03 -1.7123599e-02 6.8380880e-02 -2.5081535e-03 -1.1227719e-03 -1.4263303e-12 -1.0900333e-12
-5.7356880e-13 -1.5566791e-13 -8.3146836e-04 9.2027605e-02 -4.0695892e-02 9.6759220e-04 -9.9968930e-03 -1.7142326e-12 -1.5566791e-13 7.5218719e-13 1.0025292e-12 1.4813432e-01 -1.0515150e-01 -3.9020513e-02 -1.2453176e-02 -2.3516826e-03 -8.3146836e-04 1.0025292e-12 2.0241337e-11 5.2337778e-11 -2.4013338e-02 -3.8019751e-02 -3.2390506e-02 -1.7123599e-02 9.2027605e-02 1.4813432e-01 5.2337778e-11 2.2955456e-11 1.9113039e-12 6.3095019e-02 5.8284752e-02 6.8380880e-02 -4.0695892e-02 -1.0515150e-01 -2.4013338e-02 1.9113039e-12 1.7424608e-12 3.8892007e-12 2.4732820e-02 -2.5081535e-03 9.6759220e-04 -3.9020513e-02 -3.8019751e-02 6.3095019e-02 3.8892007e-12 1.4457434e-12 -5.5021515e-13 -1.1227719e-03 -9.9968930e-03 -1.2453176e-02 -3.2390506e-02 5.8284752e-02 2.4732820e-02 -5.5021515e-13 -6.0054780e-13 -1.4263303e-12 -1.7142326e-12 -2.3516826e-03 -1.7123599e-02 6.8380880e-02 -2.5081535e-03 -1.1227719e-03 -1.4263303e-12 -1.0900333e-12
-5.7356880e-13 -1.5566791e-13 -8.3146836e-04 9.2027605e-02 -4.0695892e-02 9.6759220e-04 -9.9968930e-03 -1.7142326e-12 -1.5566791e-13 7.5218719e-13 1.0025292e-12 1.4813432e-01 -1.0515150e-01 -3.9020513e-02 -1.2453176e-02 -2.3516826e-03 -8.3146836e-04 1.0025292e-12 2.0241337e-11 5.2337778e-11 -2.4013338e-02 -3.8019751e-02 -3.2390506e-02 -1.7123599e-02 9.2027605e-02 1.4813432e-01 5.2337778e-11 2.2955456e-11 1.9113039e-12 6.3095019e-02 5.8284752e-02 6.8380880e-02 -4.0695892e-02 -1.0515150e-01 -2.4013338e-02 1.9113039e-12 1.7424608e-12 3.8892007e-12 2.4732820e-02 -2.5081535e-03 9.6759220e-04 -3.9020513e-02 -3.8019751e-02 6.3095019e-02 3.8892007e-12 1.4457434e-12 -5.5021515e-13 -1.1227719e-03 -9.9968930e-03 -1.2453176e-02 -3.2390506e-02 5.8284752e-02 2.4732820e-02 -5.5021515e-13 -6.0054780e-13 -1.4263303e-12 -1.7142326e-12 -2.3516826e-03 -1.7123599e-02 6.8380880e-02 -2.5081535e-03 -1.1227719e-03 -1.4263303e-12 -1.0900333e-12
-5.7356880e-13 -1.5566791e-13 -8.3146836e-04 9.2027605e-02 -4.0695892e-02 9.6759220e-04 -9.9968930e-03 -1.7142326e-12 -1.5566791e-13 7.5218719e-13 1.0025292e-12 1.4813432e-01 -1.0515150e-01 -3.9020513e-02 -1.2453176e-02 -2.3516826e-03 -8.3146836e-04 1.0025292e-12 2.0241337e-11 5.2337778e-11 -2.4013338e-02 -3.8019751e-02 -3.2390506e-02 -1.7123599e-02 9.2027605e-02 1.4813432e-01 5.2337778e-11 2.2955456e-11 1.9113039e-12 6.3095019e-02 5.8284752e-02 6.8380880e-02 -4.0695892e-02 -1.0515150e-01 -2.4013338e-02 1.9113039e-12 1.7424608e-12 3.8892007e-12 2.4732820e-02 -2.5081535e-03 9.6759220e-04 -3.9020513e-02 -3.8019751e-02 6.3095019e-02 3.8892007e-12 1.4457434e-12 -5.5021515e-13 -1.1227719e-03 -9.9968930e-03 -1.2453176e-02 -3.2390506e-02 5.8284752e-02 2.4732820e-02 -5.5021515e-13 -6.0054780e-13 -1.4263303e-12 -1.7142326e-12 -2.3516826e-03 -1.7123599e-02 6.8380880e-02 -2.5081535e-03 -1.1227719e-03 -1.4263303e-12 -1.0900333e-12
-5.7356880e-13 -1.5566791e-13 -8.3146836e-04 9.2027605e-02 -4.0695892e-02 9.6759220e-04 -9.9968930e-03 -1.7142326e-12 -1.5566791e-13 7.5218719e-13 1.0025292e-12 1.4813432e-01 -1.0515150e-01 -3.9020513e-02 -1.2453176e-02 -2.3516826e-03 -8.3146836e-04 1.0025292e-12 2.0241337e-11 5.2337778e-11 -2.4013338e-02 -3.8019751e-02 -3.2390506e-02 -1.7123599e-02 9.2027605e-02 1.4813432e-01 5.2337778e-11 2.2955456e-11 1.9113039e-12 6.3095019e-02 5.8284752e-02 6.8380880e-02 -4.0695892e-02 -1.0515150e-01 -2.4013338e-02 1.9113039e-12 1.7424608e-12 3.8892007e-12 2.4732820e-02 -2.5081535e-03 9.6759220e-04 -3.9020513e-02 -3.8019751e-02 6.3095019e-02 3.8892007e-12 1.4457434e-12 -5.5021515e-13 -1.1227719e-03 -9.9968930e-03 -1.2453176e-02 -3.2390506e-02 5.8284752e-02 2.4732820e-02 -5.5021515e-13 -6.0054780e-13 -1.4263303e-12 -1.7142326e-12 -2.3516826e-03 -1.7123599e-02 6.8380880e-02 -2.5081535e-03 -1.1227719e-03 -1.4263303e-12 -1.0900333e-12
-5.7356880e-13 -1.5566791e-13 -8.3146836e-04 9.2027605e-02 -4.0695892e-02 9.6759220e-04 -9.9968930e-03 -1.7142326e-12 -1.5566791e-13 7.5218719e-13 1.0025292e-12 1.4813432e-01 -1.0515150e-01 -3.9020513e-02 -1.2453176e-02 -2.3516826e-03 -8.3146836e-04 1.0025292e-12 2.0241337e-11 5.2337778e-11 -2.4013338e-02 -3.8019751e-02 -3.2390506e-02 -1.7123599e-02 9.2027605e-02 1.4813432e-01 5.2337778e-11 2.2955456e-11 1.9113039e-12 6.3095019e-02 5.8284752e-02 6.8380880e-02 -4.0695892e-02 -1.0515150e-01 -2.4013338e-02 1.9113039e-12 1.7424608e-12 3.8892007e-12 2.4732820e-02 -2.5081535e-03 9.6759220e-04 -3.9020513e-02 -3.8019751e-02 6.3095019e-02 3.8892007e-12 1.4457434e-12 -5.5021515e-13 -1.1227719e-03 -9.9968930e-03 -1.2453176e-02 -3.2390506e-02 5.8284752e-02 2.4732820e-02 -5.5021515e-13 -6.0054780e-13 -1.4263303e-12 -1.7142326e-12 -2.3516826e-03 -1.7123599e-02 6.8380880e-02 -2.5081535e-03 -1.1227719e-03 -1.4263303e-12 -1.0900333e-12
-5.7356880e-13 -1.5566791e-13 -8.3146836e-04 9.2027605e-02 -4.0695892e-02 9.6759220e-04 -9.9968930e-03 -1.7142326e-12 -1.5566791e-13 7.5218719e-13 1.0025292e-12 1.4813432e-01 -1.0515150e-01 -3.9020513e-02 -1.2453176e-02 -2.3516826e-03 -8.3146836e-04 1.0025292e-12 2.0241337e-11 5.2337778e-11 -2.4013338e-02 -3.8019751e-02 -3.2390506e-02 -1.7123599e-02 9.2027605e-02 1.4813432e-01 5.2337778e-11 2.2955456e-11 1.9113039e-12 6.3095019e-02 5.8284752e-02 6.8380880e-02 -4.0695892e-02 -1.0515150e-01 -2.4013338e-02 1.9113039e-12 1.7424608e-12 3.8892007e-12 2.4732820e-02 -2.5081535e-03 9.6759220e-04 -3.9020513e-02 -3.8019751e-02 6.3095019e-02 3.8892007e-12 1.4457434e-12 -5.5021515e-13 -1.1227719e-03 -9.9968930e-03 -1.2453176e-02 -3.2390506e-02 5.8284752e-02 2.4732820e-02 -5.5021515e-13 -6.0054780e-13 -1.4263303e-12 -1.7142326e-12 -2.3516826e-03 -1.7123599e-02 6.8380880e-02 -2.5081535e-03 -1.1227719e-03 -1.4263303e-12 -1.0900333e-12
3.9350689e-13 1.5133122e-12 8.6586960e-03 -6.9199379e-03 -3.5949067e-02 -1.0563860e-01 9.4109675e-02 -9.0320933e-13 1.5133122e-12 2.9056779e-13 -9.8798992e-13 -2.9839765e-03 5.1041039e-03 -3.7689918e-02 4.5180169e-02 5.9627553e-03 8.6586960e-03 -9.8798992e-13 -7.1443394e-13 -1.1615886e-12 -1.0576097e-03 -4.9167848e-03 2.4922361e-02 3.2207672e-03 -6.9199379e-03 -2.9839765e-03 -1.1615886e-12 -6.5826010e-13 -8.9853476e-13 1.4045516e-02 1.6944027e-02 8.6485981e-03 -3.5949067e-02 5.1041039e-03 -1.0576097e-03 -8.9853476e-13 5.9658836e-13 2.2131821e-12 1.5945616e-02 2.4020719e-02 -1.0563860e-01 -3.7689918e-02 -4.9167848e-03 1.4045516e-02 2.2131821e-12 5.4598205e-13 -7.8610129e-13 6.1546007e-02 9.4109675e-02 4.5180169e-02 2.4922361e-02 1.6944027e-02 1.5945616e-02 -7.8610129e-13 2.6048496e-11 6.5650240e-11 -9.0320933e-13 5.9627553e-03 3.2207672e-03 8.6485981e-03 2.4020719e-02 6.1546007e-02 6.5650240e-11 2.5437166e-11
