-3.4917871e-03 -4.6943044e-03 -1.6468218e-02 7.7882436e-02 -1.7935226e-02 1.5983958e-03 -6.9048798e-03 -6.4742034e-03 -4.6943044e-03 -6.5530010e-04 -8.7065787e-03 1.1169810e-01 -5.6769935e-02 -1.5514461e-02 -5.4591014e-03 -3.6101193e-03 -1.6468218e-02 -8.7065787e-03 1.0680978e-01 3.0767163e-01 -6.3290037e-02 -5.2594442e-02 -4.1763134e-02 -2.9090640e-02 7.7882436e-02 1.1169810e-01 3.0767163e-01 1.3253530e-01 -5.4491608e-03 4.3663380e-02 4.9825886e-02 5.9299167e-02 -1.7935226e-02 -5.6769935e-02 -6.3290037e-02 -5.4491608e-03 1.7960019e-04 1.9125002e-02 2.0780680e-02 4.5404453e-03 1.5983958e-03 -1.5514461e-02 -5.2594442e-02 4.3663380e-02 1.9125002e-02 7.4397412e-03 -1.4341671e-03 4.6610781e-04 -6.9048798e-03 -5.4591014e-03 -4.1763134e-02 4.9825886e-02 2.0780680e-02 -1.4341671e-03 -9.6756869e-04 -4.2752903e-03 -6.4742034e-03 -3.6101193e-03 -2.9090640e-02 5.9299167e-02 4.5404453e-03 4.6610781e-04 -4.2752903e-03 -3.4079314e-03
-3.4917871e-03 -4.6943044e-03 -1.6468218e-02 7.7882436e-02 -1.7935226e-02 1.5983958e-03 -6.9048798e-03 -6.4742034e-03 -4.6943044e-03 -6.5530010e-04 -8.7065787e-03 1.1169810e-01 -5.6769935e-02 -1.5514461e-02 -5.4591014e-03 -3.6101193e-03 -1.6468218e-02 -8.7065787e-03 1.0680978e-01 3.0767163e-01 -6.3290037e-02 -5.2594442e-02 -4.1763134e-02 -2.9090640e-02 7.7882436e-02 1.1169810e-01 3.0767163e-01 1.3253530e-01 -5.4491608e-03 4.3663380e-02 4.9825886e-02 5.9299167e-02 -1.7935226e-02 -5.6769935e-02 -6.3290037e-02 -5.4491608e-03 1.7960019e-04 1.9125002e-02 2.0780680e-02 4.5404453e-03 1.5983958e-03 -1.5514461e-02 -5.2594442e-02 4.3663380e-02 1.9125002e-02 7.4397412e-03 -1.4341671e-03 4.6610781e-04 -6.9048798e-03 -5.4591014e-03 -4.1763134e-02 4.9825886e-02 2.0780680e-02 -1.4341671e-03 -9.6756869e-04 -4.2752903e-03 -6.4742034e-03 -3.6101193e-03 -2.9090640e-02 5.9299167e-02 4.5404453e-03 4.6610781e-04 -4.2752903e-03 -3.4079314e-03
-3.4917871e-03 -4.6943044e-03 -1.6468218e-02 7.7882436e-02 -1.7935226e-02 1.5983958e-03 -6.9048798e-03 -6.4742034e-03 -4.6943044e-03 -6.5530010e-04 -8.7065787e-03 1.1169810e-01 -5.6769935e-02 -1.5514461e-02 -5.4591014e-03 -3.6101193e-03 -1.6468218e-02 -8.7065787e-03 1.0680978e-01 3.0767163e-01 -6.3290037e-02 -5.2594442e-02 -4.1763134e-02 -2.9090640e-02 7.7882436e-02 1.1169810e-01 3.0767163e-01 1.3253530e-01 -5.4491608e-03 4.3663380e-02 4.9825886e-02 5.9299167e-02 -1.7935226e-02 -5.6769935e-02 -6.3290037e-02 -5.4491608e-03 1.7960019e-04 1.9125002e-02 2.0780680e-02 4.5404453e-03 1.5983958e-03 -1.5514461e-02 -5.2594442e-02 4.3663380e-02 1.9125002e-02 7.4397412e-03 -1.4341671e-03 4.6610781e-04 -6.9048798e-03 -5.4591014e-03 -4.1763134e-02 4.9825886e-02 2.0780680e-02 -1.4341671e-03 -9.6756869e-04 -4.2752903e-03 -6.4742034e-03 -3.6101193e-03 -2.9090640e-02 5.9299167e-02 4.5404453e-03 4.6610781e-04 -4.2752903e-03 -3.4079314e-03
-3.4917871e-03 -4.6943044e-03 -1.6468218e-02 7.7882436e-02 -1.7935226e-02 1.5983958e-03 -6.9048798e-03 -6.4742034e-03 -4.6943044e-03 -6.5530010e-04 -8.7065787e-03 1.1169810e-01 -5.6769935e-02 -1.5514461e-02 -5.4591014e-03 -3.6101193e-03 -1.6468218e-02 -8.7065787e-03 1.0680978e-01 3.0767163e-01 -6.3290037e-02 -5.2594442e-02 -4.1763134e-02 -2.9090640e-02 7.7882436e-02 1.1169810e-01 3.0767163e-01 1.3253530e-01 -5.4491608e-03 4.3663380e-02 4.9825886e-02 5.9299167e-02 -1.7935226e-02 -5.6769935e-02 -6.3290037e-02 -5.4491608e-03 1.7960019e-04 1.9125002e-02 2.0780680e-02 4.5404453e-03 1.5983958e-03 -1.5514461e-02 -5.2594442e-02 4.3663380e-02 1.9125002e-02 7.4397412e-03 -1.4341671e-03 4.6610781e-04 -6.9048798e-03 -5.4591014e-03 -4.1763134e-02 4.9825886e-02 2.0780680e-02 -1.4341671e-03 -9.6756869e-04 -4.2752903e-03 -6.4742034e-03 -3.6101193e-03 -2.9090640e-02 5.9299167e-02 4.5404453e-03 4.6610781e-04 -4.2752903e-03 -3.4079314e-03
-3.4917871e-03 -4.6943044e-03 -1.6468218e-02 7.7882436e-02 -1.7935226e-02 1.5983958e-03 -6.9048798e-03 -6.4742034e-03 -4.6943044e-03 -6.5530010e-04 -8.7065787e-03 1.1169810e-01 -5.6769935e-02 -1.5514461e-02 -5.4591014e-03 -3.6101193e-03 -1.6468218e-02 -8.7065787e-03 1.0680978e-01 3.0767163e-01 -6.3290037e-02 -5.2594442e-02 -4.1763134e-02 -2.9090640e-02 7.7882436e-02 1.1169810e-01 3.0767163e-01 1.3253530e-01 -5.4491608e-03 4.3663380e-02 4.9825886e-02 5.9299167e-02 -1.7935226e-02 -5.6769935e-02 -6.3290037e-02 -5.4491608e-03 1.7960019e-04 1.9125002e-02 2.0780680e-02 4.5404453e-03 1.5983958e-03 -1.5514461e-02 -5.2594442e-02 4.3663380e-02 1.9125002e-02 7.4397412e-03 -1.4341671e-03 4.6610781e-04 -6.9048798e-03 -5.4591014e-03 -4.1763134e-02 4.9825886e-02 2.0780680e-02 -1.4341671e-03 -9.6756869e-04 -4.2752903e-03 -6.4742034e-03 -3.6101193e-03 -2.9090640e-02 5.9299167e-02 4.5404453e-03 4.6610781e-04 -4.2752903e-03 -3.4079314e-03
-3.4917871e-03 -4.6943044e-03 -1.6468218e-02 7.7882436e-02 -1.7935226e-02 1.5983958e-03 -6.9048798e-03 -6.4742034e-03 -4.6943044e-03 -6.5530010e-04 -8.7065787e-03 1.1169810e-01 -5.6769935e-02 -1.5514461e-02 -5.4591014e-03 -3.6101193e-03 -1.6468218e-02 -8.7065787e-03 1.0680978e-01 3.0767163e-01 -6.3290037e-02 -5.2594442e-02 -4.1763134e-02 -2.9090640e-02 7.7882436e-02 1.1169810e-01 3.0767163e-01 1.3253530e-01 -5.4491608e-03 4.3663380e-02 4.9825886e-02 5.9299167e-02 -1.7935226e-02 -5.6769935e-02 -6.3290037e-02 -5.4491608e-03 1.7960019e-04 1.9125002e-02 2.0780680e-02 4.5404453e-03 1.5983958e-03 -1.5514461e-02 -5.2594442e-02 4.3663380e-02 1.9125002e-02 7.4397412e-03 -1.4341671e-03 4.6610781e-04 -6.9048798e-03 -5.4591014e-03 -4.1763134e-02 4.9825886e-02 2.0780680e-02 -1.4341671e-03 -9.6756869e-04 -4.2752903e-03 -6.4742034e-03 -3.6101193e-03 -2.9090640e-02 5.9299167e-02 4.5404453e-03 4.6610781e-04 -4.2752903e-03 -3.4079314e-03
-3.4917871e-03 -4.6943044e-03 -1.6468218e-02 7.7882436e-02 -1.7935226e-02 1.5983958e-03 -6.9048798e-03 -6.4742034e-03 -4.6943044e-03 -6.5530010e-04 -8.7065787e-03 1.1169810e-01 -5.6769935e-02 -1.5514461e-02 -5.4591014e-03 -3.6101193e-03 -1.6468218e-02 -8.7065787e-03 1.0680978e-01 3.0767163e-01 -6.3290037e-02 -5.2594442e-02 -4.1763134e-02 -2.9090640e-02 7.7882436e-02 1.1169810e-01 3.0767163e-01 1.3253530e-01 -5.4491608e-03 4.3663380e-02 4.9825886e-02 5.9299167e-02 -1.7935226e-02 -5.6769935e-02 -6.3290037e-02 -5.4491608e-03 1.7960019e-04 1.9125002e-02 2.0780680e-02 4.5404453e-03 1.5983958e-03 -1.5514461e-02 -5.2594442e-02 4.3663380e-02 1.9125002e-02 7.4397412e-03 -1.4341671e-03 4.6610781e-04 -6.9048798e-03 -5.4591014e-03 -4.1763134e-02 4.9825886e-02 2.0780680e-02 -1.4341671e-03 -9.6756869e-04 -4.2752903e-03 -6.4742034e-03 -3.6101193e-03 -2.9090640e-02 5.9299167e-02 4.5404453e-03 4.6610781e-04 -4.2752903e-03 -3.4079314e-03
-3.4917871e-03 -4.6943044e-03 -1.6468218e-02 7.7882436e-02 -1.7935226e-02 1.5983958e-03 -6.9048798e-03 -6.4742034e-03 -4.6943044e-03 -6.5530010e-04 -8.7065787e-03 1.1169810e-01 -5.6769935e-02 -1.5514461e-02 -5.4591014e-03 -3.6101193e-03 -1.6468218e-02 -8.7065787e-03 1.0680978e-01 3.0767163e-01 -6.3290037e-02 -5.2594442e-02 -4.1763134e-02 -2.9090640e-02 7.7882436e-02 1.1169810e-01 3.0767163e-01 1.3253530e-01 -5.4491608e-03 4.3663380e-02 4.9825886e-02 5.9299167e-02 -1.7935226e-02 -5.6769935e-02 -6.3290037e-02 -5.4491608e-03 1.7960019e-04 1.9125002e-02 2.0780680e-02 4.5404453e-03 1.5983958e-03 -1.5514461e-02 -5.2594442e-02 4.3663380e-02 1.9125002e-02 7.4397412e-03 -1.4341671e-03 4.6610781e-04 -6.9048798e-03 -5.4591014e-03 -4.1763134e-02 4.9825886e-02 2.0780680e-02 -1.4341671e-03 -9.6756869e-04 -4.2752903e-03 -6.4742034e-03 -3.6101193e-03 -2.9090640e-02 5.9299167e-02 4.5404453e-03 4.6610781e-04 -4.2752903e-03 -3.4079314e-03
-3.4917871e-03 -4.6943044e-03 -1.6468218e-02 7.7882436e-02 -1.7935226e-02 1.5983958e-03 -6.9048798e-03 -6.4742034e-03 -4.6943044e-03 -6.5530010e-04 -8.7065787e-03 1.1169810e-01 -5.6769935e-02 -1.5514461e-02 -5.4591014e-03 -3.6101193e-03 -1.6468218e-02 -8.7065787e-03 1.0680978e-01 3.0767163e-01 -6.3290037e-02 -5.2594442e-02 -4.1763134e-02 -2.9090640e-02 7.7882436e-02 1.1169810e-01 3.0767163e-01 1.3253530e-01 -5.4491608e-03 4.3663380e-02 4.9825886e-02 5.9299167e-02 -1.7935226e-02 -5.6769935e-02 -6.3290037e-02 -5.4491608e-03 1.7960019e-04 1.9125002e-02 2.0780680e-02 4.5404453e-03 1.5983958e-03 -1.5514461e-02 -5.2594442e-02 4.3663380e-02 1.9125002e-02 7.4397412e-03 -1.4341671e-03 4.6610781e-04 -6.9048798e-03 -5.4591014e-03 -4.1763134e-02 4.9825886e-02 2.0780680e-02 -1.4341671e-03 -9.6756869e-04 -4.2752903e-03 -6.4742034e-03 -3.6101193e-03 -2.9090640e-02 5.9299167e-02 4.5404453e-03 4.6610781e-04 -4.2752903e-03 -3.4079314e-03
-3.4917871e-03 -4.6943044e-03 -1.6468218e-02 7.7882436e-02 -1.7935226e-02 1.5983958e-03 -6.9048798e-03 -6.4742034e-03 -4.6943044e-03 -6.5530010e-04 -8.7065787e-03 1.1169810e-01 -5.6769935e-02 -1.5514461e-02 -5.4591014e-03 -3.6101193e-03 -1.6468218e-02 -8.7065787e-03 1.0680978e-01 3.0767163e-01 -6.3290037e-02 -5.2594442e-02 -4.1763134e-02 -2.9090640e-02 7.7882436e-02 1.1169810e-01 3.0767163e-01 1.3253530e-01 -5.4491608e-03 4.3663380e-02 4.9825886e-02 5.9299167e-02 -1.7935226e-02 -5.6769935e-02 -6.3290037e-02 -5.4491608e-03 1.7960019e-04 1.9125002e-02 2.0780680e-02 4.5404453e-03 1.5983958e-03 -1.5514461e-02 -5.2594442e-02 4.3663380e-02 1.9125002e-02 7.4397412e-03 -1.4341671e-03 4.6610781e-04 -6.9048798e-03 -5.4591014e-03 -4.1763134e-02 4.9825886e-02 2.0780680e-02 -1.4341671e-03 -9.6756869e-04 -4.2752903e-03 -6.4742034e-03 -3.6101193e-03 -2.9090640e-02 5.9299167e-02 4.5404453e-03 4.6610781e-04 -4.2752903e-03 -3.4079314e-03
-3.4917871e-03 -4.6943044e-03 -1.6468218e-02 7.7882436e-02 -1.7935226e-02 1.5983958e-03 -6.9048798e-03 -6.4742034e-03 -4.6943044e-03 -6.5530010e-04 -8.7065787e-03 1.1169810e-01 -5.6769935e-02 -1.5514461e-02 -5.4591014e-03 -3.6101193e-03 -1.6468218e-02 -8.7065787e-03 1.0680978e-01 3.0767163e-01 -6.3290037e-02 -5.2594442e-02 -4.1763134e-02 -2.9090640e-02 7.7882436e-02 1.1169810e-01 3.0767163e-01 1.3253530e-01 -5.4491608e-03 4.3663380e-02 4.9825886e-02 5.9299167e-02 -1.7935226e-02 -5.6769935e-02 -6.3290037e-02 -5.4491608e-03 1.7960019e-04 1.9125002e-02 2.0780680e-02 4.5404453e-03 1.5983958e-03 -1.5514461e-02 -5.2594442e-02 4.3663380e-02 1.9125002e-02 7.4397412e-03 -1.4341671e-03 4.6610781e-04 -6.9048798e-03 -5.4591014e-03 -4.1763134e-02 4.9825886e-02 2.0780680e-02 -1.4341671e-03 -9.6756869e-04 -4.2752903e-03 -6.4742034e-03 -3.6101193e-03 -2.9090640e-02 5.9299167e-02 4.5404453e-03 4.6610781e-04 -4.2752903e-03 -3.4079314e-03
-3.4917871e-03 -4.6943044e-03 -1.6468218e-02 7.7882436e-02 -1.7935226e-02 1.5983958e-03 -6.9048798e-03 -6.4742034e-03 -4.6943044e-03 -6.5530010e-04 -8.7065787e-03 1.1169810e-01 -5.6769935e-02 -1.5514461e-02 -5.4591014e-03 -3.6101193e-03 -1.6468218e-02 -8.7065787e-03 1.0680978e-01 3.0767163e-01 -6.3290037e-02 -5.2594442e-02 -4.1763134e-02 -2.9090640e-02 7.7882436e-02 1.1169810e-01 3.0767163e-01 1.3253530e-01 -5.4491608e-03 4.3663380e-02 4.9825886e-02 5.9299167e-02 -1.7935226e-02 -5.6769935e-02 -6.3290037e-02 -5.4491608e-03 1.7960019e-04 1.9125002e-02 2.0780680e-02 4.5404453e-03 1.5983958e-03 -1.5514461e-02 -5.2594442e-02 4.3663380e-02 1.9125002e-02 7.4397412e-03 -1.4341671e-03 4.6610781e-04 -6.9048798e-03 -5.4591014e-03 -4.1763134e-02 4.9825886e-02 2.0780680e-02 -1.4341671e-03 -9.6756869e-04 -4.2752903e-03 -6.4742034e-03 -3.6101193e-03 -2.9090640e-02 5.9299167e-02 4.5404453e-03 4.6610781e-04 -4.2752903e-03 -3.4079314e-03
1.2950268e-03 1.9672866e-02 2.1370579e-02 5.0523993e-03 -1.7781042e-02 -5.5416145e-02 -6.6206544e-02 -3.0951551e-03 1.9672866e-02 7.6785365e-03 -9.7643127e-04 6.6199846e-04 6.9901726e-04 -1.4992271e-02 -5.2061795e-02 4.0860074e-02 2.1370579e-02 -9.7643127e-04 -7.4161030e-04 -3.9789037e-03 -7.3078961e-03 -6.8058204e-03 -4.1437829e-02 4.9087551e-02 5.0523993e-03 6.6199846e-04 -3.9789037e-03 -3.2615675e-03 -6.1711266e-03 -5.6780281e-03 -2.9308258e-02 6.0865179e-02 -1.7781042e-02 6.9901726e-04 -7.3078961e-03 -6.1711266e-03 -3.5220070e-03 -4.9604592e-03 -1.7447692e-02 8.0716041e-02 -5.5416145e-02 -1.4992271e-02 -6.8058204e-03 -5.6780281e-03 -4.9604592e-03 -6.8620470e-04 -9.1483335e-03 1.1680252e-01 -6.6206544e-02 -5.2061795e-02 -4.1437829e-02 -2.9308258e-02 -1.7447692e-02 -9.1483335e-03 1.0640728e-01 3.0930083e-01 -3.0951551e-03 4.0860074e-02 4.9087551e-02 6.0865179e-02 8.0716041e-02 1.1680252e-01 3.0930083e-01 1.3449530e-01
9.9781505e-03 2.5224304e-02 2.2850646e-02 -4.3287802e-04 -3.0479374e-02 -7.3085033e-02 -1.0155167e-01 2.2747001e-02 2.5224304e-02 1.0201696e-02 -2.1304937e-03 -1.2226955e-03 -3.3979342e-03 -2.2358902e-02 -7.5303939e-02 7.3440860e-02 2.2850646e-02 -2.1304937e-03 -1.6271556e-03 -6.0080817e-03 -1.1178671e-02 -1.1080383e-02 -5.4537820e-02 7.8322321e-02 -4.3287802e-04 -1.2226955e-03 -6.0080817e-03 -4.7078766e-03 -8.2175907e-03 -9.4247129e-03 -3.3752471e-02 8.9010936e-02 -3.0479374e-02 -3.3979342e-03 -1.1178671e-02 -8.2175907e-03 -4.7175674e-03 -7.2396166e-03 -1.3931336e-02 1.0937872e-01 -7.3085033e-02 -2.2358902e-02 -1.1080383e-02 -9.4247129e-03 -7.2396166e-03 2.7391298e-03 6.9455743e-05 1.4756519e-01 -1.0155167e-01 -7.5303939e-02 -5.4537820e-02 -3.3752471e-02 -1.3931336e-02 6.9455743e-05 9.7237996e-02 2.8522842e-01 2.2747001e-02 7.3440860e-02 7.8322321e-02 8.9010936e-02 1.0937872e-01 1.4756519e-01 2.8522842e-01 1.4223030e-01
2.3598485e-02 2.7840853e-02 1.9786869e-02 -9.2914296e-03 -4.4448779e-02 -8.8960203e-02 -1.3062404e-01 6.4442836e-02 2.7840853e-02 1.1662743e-02 -3.9321794e-03 -4.2085346e-03 -8.1510945e-03 -2.8705614e-02 -9.2966681e-02 1.0888192e-01 1.9786869e-02 -3.9321794e-03 -2.8391810e-03 -8.0323089e-03 -1.4535704e-02 -1.3773617e-02 -6.1748835e-02 1.0609855e-01 -9.2914296e-03 -4.2085346e-03 -8.0323089e-03 -5.9394393e-03 -9.6544398e-03 -1.1317964e-02 -3.2720119e-02 1.1235299e-01 -4.4448779e-02 -8.1510945e-03 -1.4535704e-02 -9.6544398e-03 -5.2357542e-03 -8.2543736e-03 -5.8855056e-03 1.2935739e-01 -8.8960203e-02 -2.8705614e-02 -1.3773617e-02 -1.1317964e-02 -8.2543736e-03 6.4823043e-03 1.0767680e-02 1.6315740e-01 -1.3062404e-01 -9.2966681e-02 -6.1748835e-02 -3.2720119e-02 -5.8855056e-03 1.0767680e-02 8.0158261e-02 2.3592529e-01 6.4442836e-02 1.0888192e-01 1.0609855e-01 1.1235299e-01 1.2935739e-01 1.6315740e-01 2.3592529e-01 1.4501508e-01
4.1644464e-02 2.6042127e-02 1.2213700e-02 -1.9738915e-02 -5.6285192e-02 -9.8715885e-02 -1.4678265e-01 1.2021600e-01 2.6042127e-02 1.1448174e-02 -5.9612586e-03 -7.5005948e-03 -1.2210531e-02 -3.2013981e-02 -1.0103393e-01 1.3946489e-01 1.2213700e-02 -5.9612586e-03 -4.0889610e-03 -9.5128041e-03 -1.6425815e-02 -1.3831649e-02 -6.1048228e-02 1.2558577e-01 -1.9738915e-02 -7.5005948e-03 -9.5128041e-03 -6.6100403e-03 -1.0040680e-02 -1.0780063e-02 -2.6174836e-02 1.2469174e-01 -5.6285192e-02 -1.2210531e-02 -1.6425815e-02 -1.0040680e-02 -4.9348518e-03 -7.7946126e-03 4.8318780e-03 1.3500875e-01 -9.8715885e-02 -3.2013981e-02 -1.3831649e-02 -1.0780063e-02 -7.7946126e-03 9.5632613e-03 2.0206555e-02 1.5894329e-01 -1.4678265e-01 -1.0103393e-01 -6.1048228e-02 -2.6174836e-02 4.8318780e-03 2.0206555e-02 5.9105605e-02 1.7299321e-01 1.2021600e-01 1.3946489e-01 1.2558577e-01 1.2469174e-01 1.3500875e-01 1.5894329e-01 1.7299321e-01 1.4517960e-01
6.2523046e-02 1.9873993e-02 1.9106971e-03 -2.9321763e-02 -6.3289793e-02 -9.9971467e-02 -1.4722840e-01 1.8443185e-01 1.9873993e-02 9.5396133e-03 -7.5987198e-03 -1.0001847e-02 -1.4453117e-02 -3.1581805e-02 -9.9086463e-02 1.5876237e-01 1.9106971e-03 -7.5987198e-03 -5.0357421e-03 -1.0113498e-02 -1.6411222e-02 -1.1297466e-02 -5.3321560e-02 1.3278890e-01 -2.9321763e-02 -1.0001847e-02 -1.0113498e-02 -6.5862593e-03 -9.3482633e-03 -8.2588365e-03 -1.6108965e-02 1.2380701e-01 -6.3289793e-02 -1.4453117e-02 -1.6411222e-02 -9.3482633e-03 -3.9925499e-03 -6.2372930e-03 1.5447555e-02 1.2596483e-01 -9.9971467e-02 -3.1581805e-02 -1.1297466e-02 -8.2588365e-03 -6.2372930e-03 1.1343504e-02 2.6435022e-02 1.3756591e-01 -1.4722840e-01 -9.9086463e-02 -5.3321560e-02 -1.6108965e-02 1.5447555e-02 2.6435022e-02 3.7901527e-02 1.0848132e-01 1.8443185e-01 1.5876237e-01 1.3278890e-01 1.2380701e-01 1.2596483e-01 1.3756591e-01 1.0848132e-01 1.4472683e-01
8.3105600e-02 1.0770930e-02 -8.0586886e-03 -3.5248053e-02 -6.3498458e-02 -9.2043970e-02 -1.3265119e-01 2.4657831e-01 1.0770930e-02 6.4361012e-03 -8.1645447e-03 -1.0646866e-02 -1.4198757e-02 -2.7809940e-02 -8.9341730e-02 1.6190310e-01 -8.0586886e-03 -8.1645447e-03 -5.3473865e-03 -9.7055503e-03 -1.4591019e-02 -7.1144096e-03 -4.1489831e-02 1.2632723e-01 -3.5248053e-02 -1.0646866e-02 -9.7055503e-03 -5.9214111e-03 -7.8740970e-03 -4.9203342e-03 -5.7167753e-03 1.1073732e-01 -6.3498458e-02 -1.4198757e-02 -1.4591019e-02 -7.8740970e-03 -2.7958220e-03 -4.3148380e-03 2.2970523e-02 1.0578123e-01 -9.2043970e-02 -2.7809940e-02 -7.1144096e-03 -4.9203342e-03 -4.3148380e-03 1.1510526e-02 2.8337339e-02 1.0645953e-01 -1.3265119e-01 -8.9341730e-02 -4.1489831e-02 -5.7167753e-03 2.2970523e-02 2.8337339e-02 2.0258930e-02 5.4452624e-02 2.4657831e-01 1.6190310e-01 1.2632723e-01 1.1073732e-01 1.0578123e-01 1.0645953e-01 5.4452624e-02 1.4455037e-01
9.9080380e-02 6.8507099e-04 -1.4960487e-02 -3.5506341e-02 -5.5940793e-02 -7.5079815e-02 -1.0488337e-01 2.9299484e-01 6.8507099e-04 2.8169173e-03 -7.1977700e-03 -8.8841446e-03 -1.1429665e-02 -2.1640236e-02 -7.4318650e-02 1.4628025e-01 -1.4960487e-02 -7.1977700e-03 -4.8193498e-03 -8.3218921e-03 -1.1346599e-02 -2.4605411e-03 -2.8403034e-02 1.0664667e-01 -3.5506341e-02 -8.8841446e-03 -8.3218921e-03 -4.7497426e-03 -5.9700040e-03 -1.8708785e-03 2.4372184e-03 8.7788130e-02 -5.5940793e-02 -1.1429665e-02 -1.1346599e-02 -5.9700040e-03 -1.6832326e-03 -2.6325479e-03 2.5549021e-02 7.8536974e-02 -7.5079815e-02 -2.1640236e-02 -2.4605411e-03 -1.8708785e-03 -2.6325479e-03 1.0081812e-02 2.5818937e-02 7.2188256e-02 -1.0488337e-01 -7.4318650e-02 -2.8403034e-02 2.4372184e-03 2.5549021e-02 2.5818937e-02 7.7157152e-03 1.6284810e-02 2.9299484e-01 1.4628025e-01 1.0664667e-01 8.7788130e-02 7.8536974e-02 7.2188256e-02 1.6284810e-02 1.4198480e-01
1.0611426e-01 -8.0450424e-03 -1.7217791e-02 -2.9946806e-02 -4.1933696e-02 -5.1670355e-02 -6.8510891e-02 3.1080184e-01 -8.0450424e-03 -4.8257011e-04 -4.7857827e-03 -5.0825230e-03 -7.0075746e-03 -1.4669212e-02 -5.7178779e-02 1.1464239e-01 -1.7217791e-02 -4.7857827e-03 -3.5317358e-03 -6.2791815e-03 -7.4154661e-03 1.4910845e-03 -1.6695209e-02 7.7755865e-02 -2.9946806e-02 -5.0825230e-03 -6.2791815e-03 -3.3297167e-03 -4.0446937e-03 1.5303851e-04 6.9196549e-03 5.9581813e-02 -4.1933696e-02 -7.0075746e-03 -7.4154661e-03 -4.0446937e-03 -8.8233646e-04 -1.5341702e-03 2.3124510e-02 4.9404194e-02 -5.1670355e-02 -1.4669212e-02 1.4910845e-03 1.5303851e-04 -1.5341702e-03 7.5227577e-03 2.0047183e-02 4.0538652e-02 -6.8510891e-02 -5.7178779e-02 -1.6695209e-02 6.9196549e-03 2.3124510e-02 2.0047183e-02 1.3769684e-04 -6.1337915e-03 3.1080184e-01 1.1464239e-01 7.7755865e-02 5.9581813e-02 4.9404194e-02 4.0538652e-02 -6.1337915e-03 1.3309099e-01
-3.4917871e-03 -4.6943044e-03 -1.6468218e-02 7.7882436e-02 -1.7935226e-02 1.5983958e-03 -6.9048798e-03 -6.4742034e-03 -4.6943044e-03 -6.5530010e-04 -8.7065787e-03 1.1169810e-01 -5.6769935e-02 -1.5514461e-02 -5.4591014e-03 -3.6101193e-03 -1.6468218e-02 -8.7065787e-03 1.0680978e-01 3.0767163e-01 -6.3290037e-02 -5.2594442e-02 -4.1763134e-02 -2.9090640e-02 7.7882436e-02 1.1169810e-01 3.0767163e-01 1.3253530e-01 -5.4491608e-03 4.3663380e-02 4.9825886e-02 5.9299167e-02 -1.7935226e-02 -5.6769935e-02 -6.3290037e-02 -5.4491608e-03 1.7960019e-04 1.9125002e-02 2.0780680e-02 4.5404453e-03 1.5983958e-03 -1.5514461e-02 -5.2594442e-02 4.3663380e-02 1.9125002e-02 7.4397412e-03 -1.4341671e-03 4.6610781e-04 -6.9048798e-03 -5.4591014e-03 -4.1763134e-02 4.9825886e-02 2.0780680e-02 -1.4341671e-03 -9.6756869e-04 -4.2752903e-03 -6.4742034e-03 -3.6101193e-03 -2.9090640e-02 5.9299167e-02 4.5404453e-03 4.6610781e-04 -4.2752903e-03 -3.4079314e-03
-3.4917871e-03 -4.6943044e-03 -1.6468218e-02 7.7882436e-02 -1.7935226e-02 1.5983958e-03 -6.9048798e-03 -6.4742034e-03 -4.6943044e-03 -6.5530010e-04 -8.7065787e-03 1.1169810e-01 -5.6769935e-02 -1.5514461e-02 -5.4591014e-03 -3.6101193e-03 -1.6468218e-02 -8.7065787e-03 1.0680978e-01 3.0767163e-01 -6.3290037e-02 -5.2594442e-02 -4.1763134e-02 -2.9090640e-02 7.7882436e-02 1.1169810e-01 3.0767163e-01 1.3253530e-01 -5.4491608e-03 4.3663380e-02 4.9825886e-02 5.9299167e-02 -1.7935226e-02 -5.6769935e-02 -6.3290037e-02 -5.4491608e-03 1.7960019e-04 1.9125002e-02 2.0780680e-02 4.5404453e-03 1.5983958e-03 -1.5514461e-02 -5.2594442e-02 4.3663380e-02 1.9125002e-02 7.4397412e-03 -1.4341671e-03 4.6610781e-04 -6.9048798e-03 -5.4591014e-03 -4.1763134e-02 4.9825886e-02 2.0780680e-02 -1.4341671e-03 -9.6756869e-04 -4.2752903e-03 -6.4742034e-03 -3.6101193e-03 -2.9090640e-02 5.9299167e-02 4.5404453e-03 4.6610781e-04 -4.2752903e-03 -3.4079314e-03
-3.4917871e-03 -4.6943044e-03 -1.6468218e-02 7.7882436e-02 -1.7935226e-02 1.5983958e-03 -6.9048798e-03 -6.4742034e-03 -4.6943044e-03 -6.5530010e-04 -8.7065787e-03 1.1169810e-01 -5.6769935e-02 -1.5514461e-02 -5.4591014e-03 -3.6101193e-03 -1.6468218e-02 -8.7065787e-03 1.0680978e-01 3.0767163e-01 -6.3290037e-02 -5.2594442e-02 -4.1763134e-02 -2.9090640e-02 7.7882436e-02 1.1169810e-01 3.0767163e-01 1.3253530e-01 -5.4491608e-03 4.3663380e-02 4.9825886e-02 5.9299167e-02 -1.7935226e-02 -5.6769935e-02 -6.3290037e-02 -5.4491608e-03 1.7960019e-04 1.9125002e-02 2.0780680e-02 4.5404453e-03 1.5983958e-03 -1.5514461e-02 -5.2594442e-02 4.3663380e-02 1.9125002e-02 7.4397412e-03 -1.4341671e-03 4.6610781e-04 -6.9048798e-03 -5.4591014e-03 -4.1763134e-02 4.9825886e-02 2.0780680e-02 -1.4341671e-03 -9.6756869e-04 -4.2752903e-03 -6.4742034e-03 -3.6101193e-03 -2.9090640e-02 5.9299167e-02 4.5404453e-03 4.6610781e-04 -4.2752903e-03 -3.4079314e-03
-3.4917871e-03 -4.6943044e-03 -1.6468218e-02 7.7882436e-02 -1.7935226e-02 1.5983958e-03 -6.9048798e-03 -6.4742034e-03 -4.6943044e-03 -6.5530010e-04 -8.7065787e-03 1.1169810e-01 -5.6769935e-02 -1.5514461e-02 -5.4591014e-03 -3.6101193e-03 -1.6468218e-02 -8.7065787e-03 1.0680978e-01 3.0767163e-01 -6.3290037e-02 -5.2594442e-02 -4.1763134e-02 -2.9090640e-02 7.7882436e-02 1.1169810e-01 3.0767163e-01 1.3253530e-01 -5.4491608e-03 4.3663380e-02 4.9825886e-02 5.9299167e-02 -1.7935226e-02 -5.6769935e-02 -6.3290037e-02 -5.4491608e-03 1.7960019e-04 1.9125002e-02 2.0780680e-02 4.5404453e-03 1.5983958e-03 -1.5514461e-02 -5.2594442e-02 4.3663380e-02 1.9125002e-02 7.4397412e-03 -1.4341671e-03 4.6610781e-04 -6.9048798e-03 -5.4591014e-03 -4.1763134e-02 4.9825886e-02 2.0780680e-02 -1.4341671e-03 -9.6756869e-04 -4.2752903e-03 -6.4742034e-03 -3.6101193e-03 -2.9090640e-02 5.9299167e-02 4.5404453e-03 4.6610781e-04 -4.2752903e-03 -3.4079314e-03
-3.4917871e-03 -4.6943044e-03 -1.6468218e-02 7.7882436e-02 -1.7935226e-02 1.5983958e-03 -6.9048798e-03 -6.4742034e-03 -4.6943044e-03 -6.5530010e-04 -8.7065787e-03 1.1169810e-01 -5.6769935e-02 -1.5514461e-02 -5.4591014e-03 -3.6101193e-03 -1.6468218e-02 -8.7065787e-03 1.0680978e-01 3.0767163e-01 -6.3290037e-02 -5.2594442e-02 -4.1763134e-02 -2.9090640e-02 7.7882436e-02 1.1169810e-01 3.0767163e-01 1.3253530e-01 -5.4491608e-03 4.3663380e-02 4.9825886e-02 5.9299167e-02 -1.7935226e-02 -5.6769935e-02 -6.3290037e-02 -5.4491608e-03 1.7960019e-04 1.9125002e-02 2.0780680e-02 4.5404453e-03 1.5983958e-03 -1.5514461e-02 -5.2594442e-02 4.3663380e-02 1.9125002e-02 7.4397412e-03 -1.4341671e-03 4.6610781e-04 -6.9048798e-03 -5.4591014e-03 -4.1763134e-02 4.9825886e-02 2.0780680e-02 -1.4341671e-03 -9.6756869e-04 -4.2752903e-03 -6.4742034e-03 -3.6101193e-03 -2.9090640e-02 5.9299167e-02 4.5404453e-03 4.6610781e-04 -4.2752903e-03 -3.4079314e-03
-3.4917871e-03 -4.6943044e-03 -1.6468218e-02 7.7882436e-02 -1.7935226e-02 1.5983958e-03 -6.9048798e-03 -6.4742034e-03 -4.6943044e-03 -6.5530010e-04 -8.7065787e-03 1.1169810e-01 -5.6769935e-02 -1.5514461e-02 -5.4591014e-03 -3.6101193e-03 -1.6468218e-02 -8.7065787e-03 1.0680978e-01 3.0767163e-01 -6.3290037e-02 -5.2594442e-02 -4.1763134e-02 -2.9090640e-02 7.7882436e-02 1.1169810e-01 3.0767163e-01 1.3253530e-01 -5.4491608e-03 4.3663380e-02 4.9825886e-02 5.9299167e-02 -1.7935226e-02 -5.6769935e-02 -6.3290037e-02 -5.4491608e-03 1.7960019e-04 1.9125002e-02 2.0780680e-02 4.5404453e-03 1.5983958e-03 -1.5514461e-02 -5.2594442e-02 4.3663380e-02 1.9125002e-02 7.4397412e-03 -1.4341671e-03 4.6610781e-04 -6.9048798e-03 -5.4591014e-03 -4.1763134e-02 4.9825886e-02 2.0780680e-02 -1.4341671e-03 -9.6756869e-04 -4.2752903e-03 -6.4742034e-03 -3.6101193e-03 -2.9090640e-02 5.9299167e-02 4.5404453e-03 4.6610781e-04 -4.2752903e-03 -3.4079314e-03
-3.4917871e-03 -4.6943044e-03 -1.6468218e-02 7.7882436e-02 -1.7935226e-02 1.5983958e-03 -6.9048798e-03 -6.4742034e-03 -4.6943044e-03 -6.5530010e-04 -8.7065787e-03 1.1169810e-01 -5.6769935e-02 -1.5514461e-02 -5.4591014e-03 -3.6101193e-03 -1.6468218e-02 -8.7065787e-03 1.0680978e-01 3.0767163e-01 -6.3290037e-02 -5.2594442e-02 -4.1763134e-02 -2.9090640e-02 7.7882436e-02 1.1169810e-01 3.0767163e-01 1.3253530e-01 -5.4491608e-03 4.3663380e-02 4.9825886e-02 5.9299167e-02 -1.7935226e-02 -5.6769935e-02 -6.3290037e-02 -5.4491608e-03 1.7960019e-04 1.9125002e-02 2.0780680e-02 4.5404453e-03 1.5983958e-03 -1.5514461e-02 -5.2594442e-02 4.3663380e-02 1.9125002e-02 7.4397412e-03 -1.4341671e-03 4.6610781e-04 -6.9048798e-03 -5.4591014e-03 -4.1763134e-02 4.9825886e-02 2.0780680e-02 -1.4341671e-03 -9.6756869e-04 -4.2752903e-03 -6.4742034e-03 -3.6101193e-03 -2.9090640e-02 5.9299167e-02 4.5404453e-03 4.6610781e-04 -4.2752903e-03 -3.4079314e-03
-3.4917871e-03 -4.6943044e-03 -1.6468218e-02 7.7882436e-02 -1.7935226e-02 1.5983958e-03 -6.9048798e-03 -6.4742034e-03 -4.6943044e-03 -6.5530010e-04 -8.7065787e-03 1.1169810e-01 -5.6769935e-02 -1.5514461e-02 -5.4591014e-03 -3.6101193e-03 -1.6468218e-02 -8.7065787e-03 1.0680978e-01 3.0767163e-01 -6.3290037e-02 -5.2594442e-02 -4.1763134e-02 -2.9090640e-02 7.7882436e-02 1.1169810e-01 3.0767163e-01 1.3253530e-01 -5.4491608e-03 4.3663380e-02 4.9825886e-02 5.9299167e-02 -1.7935226e-02 -5.6769935e-02 -6.3290037e-02 -5.4491608e-03 1.7960019e-04 1.9125002e-02 2.0780680e-02 4.5404453e-03 1.5983958e-03 -1.5514461e-02 -5.2594442e-02 4.3663380e-02 1.9125002e-02 7.4397412e-03 -1.4341671e-03 4.6610781e-04 -6.9048798e-03 -5.4591014e-03 -4.1763134e-02 4.9825886e-02 2.0780680e-02 -1.4341671e-03 -9.6756869e-04 -4.2752903e-03 -6.4742034e-03 -3.6101193e-03 -2.9090640e-02 5.9299167e-02 4.5404453e-03 4.6610781e-04 -4.2752903e-03 -3.4079314e-03
-3.4917871e-03 -4.6943044e-03 -1.6468218e-02 7.7882436e-02 -1.7935226e-02 1.5983958e-03 -6.9048798e-03 -6.4742034e-03 -4.6943044e-03 -6.5530010e-04 -8.7065787e-03 1.1169810e-01 -5.6769935e-02 -1.5514461e-02 -5.4591014e-03 -3.6101193e-03 -1.6468218e-02 -8.7065787e-03 1.0680978e-01 3.0767163e-01 -6.3290037e-02 -5.2594442e-02 -4.1763134e-02 -2.9090640e-02 7.7882436e-02 1.1169810e-01 3.0767163e-01 1.3253530e-01 -5.4491608e-03 4.3663380e-02 4.9825886e-02 5.9299167e-02 -1.7935226e-02 -5.6769935e-02 -6.3290037e-02 -5.4491608e-03 1.7960019e-04 1.9125002e-02 2.0780680e-02 4.5404453e-03 1.5983958e-03 -1.5514461e-02 -5.2594442e-02 4.3663380e-02 1.9125002e-02 7.4397412e-03 -1.4341671e-03 4.6610781e-04 -6.9048798e-03 -5.4591014e-03 -4.1763134e-02 4.9825886e-02 2.0780680e-02 -1.4341671e-03 -9.6756869e-04 -4.2752903e-03 -6.4742034e-03 -3.6101193e-03 -2.9090640e-02 5.9299167e-02 4.5404453e-03 4.6610781e-04 -4.2752903e-03 -3.4079314e-03
-3.4917871e-03 -4.6943044e-03 -1.6468218e-02 7.7882436e-02 -1.7935226e-02 1.5983958e-03 -6.9048798e-03 -6.4742034e-03 -4.6943044e-03 -6.5530010e-04 -8.7065787e-03 1.1169810e-01 -5.6769935e-02 -1.5514461e-02 -5.4591014e-03 -3.6101193e-03 -1.6468218e-02 -8.7065787e-03 1.0680978e-01 3.0767163e-01 -6.3290037e-02 -5.2594442e-02 -4.1763134e-02 -2.9090640e-02 7.7882436e-02 1.1169810e-01 3.0767163e-01 1.3253530e-01 -5.4491608e-03 4.3663380e-02 4.9825886e-02 5.9299167e-02 -1.7935226e-02 -5.6769935e-02 -6.3290037e-02 -5.4491608e-03 1.7960019e-04 1.9125002e-02 2.0780680e-02 4.5404453e-03 1.5983958e-03 -1.5514461e-02 -5.2594442e-02 4.3663380e-02 1.9125002e-02 7.4397412e-03 -1.4341671e-03 4.6610781e-04 -6.9048798e-03 -5.4591014e-03 -4.1763134e-02 4.9825886e-02 2.0780680e-02 -1.4341671e-03 -9.6756869e-04 -4.2752903e-03 -6.4742034e-03 -3.6101193e-03 -2.9090640e-02 5.9299167e-02 4.5404453e-03 4.6610781e-04 -4.2752903e-03 -3.4079314e-03
-3.4917871e-03 -4.6943044e-03 -1.6468218e-02 7.7882436e-02 -1.7935226e-02 1.5983958e-03 -6.9048798e-03 -6.4742034e-03 -4.6943044e-03 -6.5530010e-04 -8.7065787e-03 1.1169810e-01 -5.6769935e-02 -1.5514461e-02 -5.4591014e-03 -3.6101193e-03 -1.6468218e-02 -8.7065787e-03 1.0680978e-01 3.0767163e-01 -6.3290037e-02 -5.2594442e-02 -4.1763134e-02 -2.9090640e-02 7.7882436e-02 1.1169810e-01 3.0767163e-01 1.3253530e-01 -5.4491608e-03 4.3663380e-02 4.9825886e-02 5.9299167e-02 -1.7935226e-02 -5.6769935e-02 -6.3290037e-02 -5.4491608e-03 1.7960019e-04 1.9125002e-02 2.0780680e-02 4.5404453e-03 1.5983958e-03 -1.5514461e-02 -5.2594442e-02 4.3663380e-02 1.9125002e-02 7.4397412e-03 -1.4341671e-03 4.6610781e-04 -6.9048798e-03 -5.4591014e-03 -4.1763134e-02 4.9825886e-02 2.0780680e-02 -1.4341671e-03 -9.6756869e-04 -4.2752903e-03 -6.4742034e-03 -3.6101193e-03 -2.9090640e-02 5.9299167e-02 4.5404453e-03 4.6610781e-04 -4.2752903e-03 -3.4079314e-03
-3.4917871e-03 -4.6943044e-03 -1.6468218e-02 7.7882436e-02 -1.7935226e-02 1.5983958e-03 -6.9048798e-03 -6.4742034e-03 -4.6943044e-03 -6.5530010e-04 -8.7065787e-03 1.1169810e-01 -5.6769935e-02 -1.5514461e-02 -5.4591014e-03 -3.6101193e-03 -1.6468218e-02 -8.7065787e-03 1.0680978e-01 3.0767163e-01 -6.3290037e-02 -5.2594442e-02 -4.1763134e-02 -2.9090640e-02 7.7882436e-02 1.1169810e-01 3.0767163e-01 1.3253530e-01 -5.4491608e-03 4.3663380e-02 4.9825886e-02 5.9299167e-02 -1.7935226e-02 -5.6769935e-02 -6.3290037e-02 -5.4491608e-03 1.7960019e-04 1.9125002e-02 2.0780680e-02 4.5404453e-03 1.5983958e-03 -1.5514461e-02 -5.2594442e-02 4.3663380e-02 1.9125002e-02 7.4397412e-03 -1.4341671e-03 4.6610781e-04 -6.9048798e-03 -5.4591014e-03 -4.1763134e-02 4.9825886e-02 2.0780680e-02 -1.4341671e-03 -9.6756869e-04 -4.2752903e-03 -6.4742034e-03 -3.6101193e-03 -2.9090640e-02 5.9299167e-02 4.5404453e-03 4.6610781e-04 -4.2752903e-03 -3.4079314e-03
-3.4917871e-03 -4.6943044e-03 -1.6468218e-02 7.7882436e-02 -1.7935226e-02 1.5983958e-03 -6.9048798e-03 -6.4742034e-03 -4.6943044e-03 -6.5530010e-04 -8.7065787e-03 1.1169810e-01 -5.6769935e-02 -1.5514461e-02 -5.4591014e-03 -3.6101193e-03 -1.6468218e-02 -8.7065787e-03 1.0680978e-01 3.0767163e-01 -6.3290037e-02 -5.2594442e-02 -4.1763134e-02 -2.9090640e-02 7.7882436e-02 1.1169810e-01 3.0767163e-01 1.3253530e-01 -5.4491608e-03 4.3663380e-02 4.9825886e-02 5.9299167e-02 -1.7935226e-02 -5.6769935e-02 -6.3290037e-02 -5.4491608e-03 1.7960019e-04 1.9125002e-02 2.0780680e-02 4.5404453e-03 1.5983958e-03 -1.5514461e-02 -5.2594442e-02 4.3663380e-02 1.9125002e-02 7.4397412e-03 -1.4341671e-03 4.6610781e-04 -6.9048798e-03 -5.4591014e-03 -4.1763134e-02 4.9825886e-02 2.0780680e-02 -1.4341671e-03 -9.6756869e-04 -4.2752903e-03 -6.4742034e-03 -3.6101193e-03 -2.9090640e-02 5.9299167e-02 4.5404453e-03 4.6610781e-04 -4.2752903e-03 -3.4079314e-03
-3.4917871e-03 -4.6943044e-03 -1.6468218e-02 7.7882436e-02 -1.7935226e-02 1.5983958e-03 -6.9048798e-03 -6.4742034e-03 -4.6943044e-03 -6.5530010e-04 -8.7065787e-03 1.1169810e-01 -5.6769935e-02 -1.5514461e-02 -5.4591014e-03 -3.6101193e-03 -1.6468218e-02 -8.7065787e-03 1.0680978e-01 3.0767163e-01 -6.3290037e-02 -5.2594442e-02 -4.1763134e-02 -2.9090640e-02 7.7882436e-02 1.1169810e-01 3.0767163e-01 1.3253530e-01 -5.4491608e-03 4.3663380e-02 4.9825886e-02 5.9299167e-02 -1.7935226e-02 -5.6769935e-02 -6.3290037e-02 -5.4491608e-03 1.7960019e-04 1.9125002e-02 2.0780680e-02 4.5404453e-03 1.5983958e-03 -1.5514461e-02 -5.2594442e-02 4.3663380e-02 1.9125002e-02 7.4397412e-03 -1.4341671e-03 4.6610781e-04 -6.9048798e-03 -5.4591014e-03 -4.1763134e-02 4.9825886e-02 2.0780680e-02 -1.4341671e-03 -9.6756869e-04 -4.2752903e-03 -6.4742034e-03 -3.6101193e-03 -2.9090640e-02 5.9299167e-02 4.5404453e-03 4.6610781e-04 -4.2752903e-03 -3.4079314e-03
-3.4917871e-03 -4.6943044e-03 -1.6468218e-02 7.7882436e-02 -1.7935226e-02 1.5983958e-03 -6.9048798e-03 -6.4742034e-03 -4.6943044e-03 -6.5530010e-04 -8.7065787e-03 1.1169810e-01 -5.6769935e-02 -1.5514461e-02 -5.4591014e-03 -3.6101193e-03 -1.6468218e-02 -8.7065787e-03 1.0680978e-01 3.0767163e-01 -6.3290037e-02 -5.2594442e-02 -4.1763134e-02 -2.9090640e-02 7.7882436e-02 1.1169810e-01 3.0767163e-01 1.3253530e-01 -5.4491608e-03 4.3663380e-02 4.9825886e-02 5.9299167e-02 -1.7935226e-02 -5.6769935e-02 -6.3290037e-02 -5.4491608e-03 1.7960019e-04 1.9125002e-02 2.0780680e-02 4.5404453e-03 1.5983958e-03 -1.5514461e-02 -5.2594442e-02 4.3663380e-02 1.9125002e-02 7.4397412e-03 -1.4341671e-03 4.6610781e-04 -6.9048798e-03 -5.4591014e-03 -4.1763134e-02 4.9825886e-02 2.0780680e-02 -1.4341671e-03 -9.6756869e-04 -4.2752903e-03 -6.4742034e-03 -3.6101193e-03 -2.9090640e-02 5.9299167e-02 4.5404453e-03 4.6610781e-04 -4.2752903e-03 -3.4079314e-03
-3.4917871e-03 -4.6943044e-03 -1.6468218e-02 7.7882436e-02 -1.7935226e-02 1.5983958e-03 -6.9048798e-03 -6.4742034e-03 -4.6943044e-03 -6.5530010e-04 -8.7065787e-03 1.1169810e-01 -5.6769935e-02 -1.5514461e-02 -5.4591014e-03 -3.6101193e-03 -1.6468218e-02 -8.7065787e-03 1.0680978e-01 3.0767163e-01 -6.3290037e-02 -5.2594442e-02 -4.1763134e-02 -2.9090640e-02 7.7882436e-02 1.1169810e-01 3.0767163e-01 1.3253530e-01 -5.4491608e-03 4.3663380e-02 4.9825886e-02 5.9299167e-02 -1.7935226e-02 -5.6769935e-02 -6.3290037e-02 -5.4491608e-03 1.7960019e-04 1.9125002e-02 2.0780680e-02 4.5404453e-03 1.5983958e-03 -1.5514461e-02 -5.2594442e-02 4.3663380e-02 1.9125002e-02 7.4397412e-03 -1.4341671e-03 4.6610781e-04 -6.9048798e-03 -5.4591014e-03 -4.1763134e-02 4.9825886e-02 2.0780680e-02 -1.4341671e-03 -9.6756869e-04 -4.2752903e-03 -6.4742034e-03 -3.6101193e-03 -2.9090640e-02 5.9299167e-02 4.5404453e-03 4.6610781e-04 -4.2752903e-03 -3.4079314e-03
-3.4917871e-03 -4.6943044e-03 -1.6468218e-02 7.7882436e-02 -1.7935226e-02 1.5983958e-03 -6.9048798e-03 -6.4742034e-03 -4.6943044e-03 -6.5530010e-04 -8.7065787e-03 1.1169810e-01 -5.6769935e-02 -1.5514461e-02 -5.4591014e-03 -3.6101193e-03 -1.6468218e-02 -8.7065787e-03 1.0680978e-01 3.0767163e-01 -6.3290037e-02 -5.2594442e-02 -4.1763134e-02 -2.9090640e-02 7.7882436e-02 1.1169810e-01 3.0767163e-01 1.3253530e-01 -5.4491608e-03 4.3663380e-02 4.9825886e-02 5.9299167e-02 -1.7935226e-02 -5.6769935e-02 -6.3290037e-02 -5.4491608e-03 1.7960019e-04 1.9125002e-02 2.0780680e-02 4.5404453e-03 1.5983958e-03 -1.5514461e-02 -5.2594442e-02 4.3663380e-02 1.9125002e-02 7.4397412e-03 -1.4341671e-03 4.6610781e-04 -6.9048798e-03 -5.4591014e-03 -4.1763134e-02 4.9825886e-02 2.0780680e-02 -1.4341671e-03 -9.6756869e-04 -4.2752903e-03 -6.4742034e-03 -3.6101193e-03 -2.9090640e-02 5.9299167e-02 4.5404453e-03 4.6610781e-04 -4.2752903e-03 -3.4079314e-03
-3.4917871e-03 -4.6943044e-03 -1.6468218e-02 7.7882436e-02 -1.7935226e-02 1.5983958e-03 -6.9048798e-03 -6.4742034e-03 -4.6943044e-03 -6.5530010e-04 -8.7065787e-03 1.1169810e-01 -5.6769935e-02 -1.5514461e-02 -5.4591014e-03 -3.6101193e-03 -1.6468218e-02 -8.7065787e-03 1.0680978e-01 3.0767163e-01 -6.3290037e-02 -5.2594442e-02 -4.1763134e-02 -2.9090640e-02 7.7882436e-02 1.1169810e-01 3.0767163e-01 1.3253530e-01 -5.4491608e-03 4.3663380e-02 4.9825886e-02 5.9299167e-02 -1.7935226e-02 -5.6769935e-02 -6.3290037e-02 -5.4491608e-03 1.7960019e-04 1.9125002e-02 2.0780680e-02 4.5404453e-03 1.5983958e-03 -1.5514461e-02 -5.2594442e-02 4.3663380e-02 1.9125002e-02 7.4397412e-03 -1.4341671e-03 4.6610781e-04 -6.9048798e-03 -5.4591014e-03 -4.1763134e-02 4.9825886e-02 2.0780680e-02 -1.4341671e-03 -9.6756869e-04 -4.2752903e-03 -6.4742034e-03 -3.6101193e-03 -2.9090640e-02 5.9299167e-02 4.5404453e-03 4.6610781e-04 -4.2752903e-03 -3.4079314e-03
-3.4917871e-03 -4.6943044e-03 -1.6468218e-02 7.7882436e-02 -1.7935226e-02 1.5983958e-03 -6.9048798e-03 -6.4742034e-03 -4.6943044e-03 -6.5530010e-04 -8.7065787e-03 1.1169810e-01 -5.6769935e-02 -1.5514461e-02 -5.4591014e-03 -3.6101193e-03 -1.6468218e-02 -8.7065787e-03 1.0680978e-01 3.0767163e-01 -6.3290037e-02 -5.2594442e-02 -4.1763134e-02 -2.9090640e-02 7.7882436e-02 1.1169810e-01 3.0767163e-01 1.3253530e-01 -5.4491608e-03 4.3663380e-02 4.9825886e-02 5.9299167e-02 -1.7935226e-02 -5.6769935e-02 -6.3290037e-02 -5.4491608e-03 1.7960019e-04 1.9125002e-02 2.0780680e-02 4.5404453e-03 1.5983958e-03 -1.5514461e-02 -5.2594442e-02 4.3663380e-02 1.9125002e-02 7.4397412e-03 -1.4341671e-03 4.6610781e-04 -6.9048798e-03 -5.4591014e-03 -4.1763134e-02 4.9825886e-02 2.0780680e-02 -1.4341671e-03 -9.6756869e-04 -4.2752903e-03 -6.4742034e-03 -3.6101193e-03 -2.9090640e-02 5.9299167e-02 4.5404453e-03 4.6610781e-04 -4.2752903e-03 -3.4079314e-03
-3.4917871e-03 -4.6943044e-03 -1.6468218e-02 7.7882436e-02 -1.7935226e-02 1.5983958e-03 -6.9048798e-03 -6.4742034e-03 -4.6943044e-03 -6.5530010e-04 -8.7065787e-03 1.1169810e-01 -5.6769935e-02 -1.5514461e-02 -5.4591014e-03 -3.6101193e-03 -1.6468218e-02 -8.7065787e-03 1.0680978e-01 3.0767163e-01 -6.3290037e-02 -5.2594442e-02 -4.1763134e-02 -2.9090640e-02 7.7882436e-02 1.1169810e-01 3.0767163e-01 1.3253530e-01 -5.4491608e-03 4.3663380e-02 4.9825886e-02 5.9299167e-02 -1.7935226e-02 -5.6769935e-02 -6.3290037e-02 -5.4491608e-03 1.7960019e-04 1.9125002e-02 2.0780680e-02 4.5404453e-03 1.5983958e-03 -1.5514461e-02 -5.2594442e-02 4.3663380e-02 1.9125002e-02 7.4397412e-03 -1.4341671e-03 4.6610781e-04 -6.9048798e-03 -5.4591014e-03 -4.1763134e-02 4.9825886e-02 2.0780680e-02 -1.4341671e-03 -9.6756869e-04 -4.2752903e-03 -6.4742034e-03 -3.6101193e-03 -2.9090640e-02 5.9299167e-02 4.5404453e-03 4.6610781e-04 -4.2752903e-03 -3.4079314e-03
-3.4917871e-03 -4.6943044e-03 -1.6468218e-02 7.7882436e-02 -1.7935226e-02 1.5983958e-03 -6.9048798e-03 -6.4742034e-03 -4.6943044e-03 -6.5530010e-04 -8.7065787e-03 1.1169810e-01 -5.6769935e-02 -1.5514461e-02 -5.4591014e-03 -3.6101193e-03 -1.6468218e-02 -8.7065787e-03 1.0680978e-01 3.0767163e-01 -6.3290037e-02 -5.2594442e-02 -4.1763134e-02 -2.9090640e-02 7.7882436e-02 1.1169810e-01 3.0767163e-01 1.3253530e-01 -5.4491608e-03 4.3663380e-02 4.9825886e-02 5.9299167e-02 -1.7935226e-02 -5.6769935e-02 -6.3290037e-02 -5.4491608e-03 1.7960019e-04 1.9125002e-02 2.0780680e-02 4.5404453e-03 1.5983958e-03 -1.5514461e-02 -5.2594442e-02 4.3663380e-02 1.9125002e-02 7.4397412e-03 -1.4341671e-03 4.6610781e-04 -6.9048798e-03 -5.4591014e-03 -4.1763134e-02 4.9825886e-02 2.0780680e-02 -1.4341671e-03 -9.6756869e-04 -4.2752903e-03 -6.4742034e-03 -3.6101193e-03 -2.9090640e-02 5.9299167e-02 4.5404453e-03 4.6610781e-04 -4.2752903e-03 -3.4079314e-03
-5.9279440e-03 4.0129872e-03 7.4213833e-03 3.4993008e-03 -6.1997995e-03 -4.2862610e-02 4.6365311e-02 -2.4426732e-02 4.0129872e-03 5.6169432e-04 -2.5938695e-03 -9.6413256e-04 6.4564808e-03 -7.1498506e-03 2.3542723e-02 -1.1901157e-02 7.4213833e-03 -2.5938695e-03 -1.1148080e-03 -2.0421053e-03 7.3616948e-04 5.5610757e-03 1.0174628e-02 -9.7703498e-03 3.4993008e-03 -9.6413256e-04 -2.0421053e-03 -7.4808639e-04 -1.9874116e-03 1.2154387e-02 3.1017241e-03 -5.6120126e-03 -6.1997995e-03 6.4564808e-03 7.3616948e-04 -1.9874116e-03 2.2817438e-03 8.0192452e-03 -3.5034252e-03 2.6792403e-03 -4.2862610e-02 -7.1498506e-03 5.5610757e-03 1.2154387e-02 8.0192452e-03 -5.9971219e-03 -2.4651719e-02 1.5795698e-02 4.6365311e-02 2.3542723e-02 1.0174628e-02 3.1017241e-03 -3.5034252e-03 -2.4651719e-02 1.4398768e-01 3.8709428e-01 -2.4426732e-02 -1.1901157e-02 -9.7703498e-03 -5.6120126e-03 2.6792403e-03 1.5795698e-02 3.8709428e-01 1.3915530e-01
